,floorplan_name,nr_sim,fs_sim,rl_sim,rc_sim,rs_sim,rsl_sim
0,01_01_a0101135010000300016z,0.3333333333333333,1.1440072980854938,50.0,22.0,2.0061589995947964,1.401284534815194
1,01_01_a0101135010000300031z,0.6666666666666666,0.31931043810768056,32.0,15.0,1.4146280460485388,0.8313579813616072
2,01_01_a0101135010000300042z,0.5,0.2274289366036953,42.0,18.0,1.4161839426820952,0.6784367513491945
3,01_01_a0101135010001100026z,0.3333333333333333,0.4823331275822452,43.0,16.0,1.4155305799393818,0.6146253605816618
4,01_01_a0101135010001100037z,0.3333333333333333,0.4787356127539367,43.0,16.0,1.4154852786196483,0.6119011679515015
5,01_01_A0101135010001900032z,0.8333333333333334,0.19417285013460145,31.0,7.0,1.0018273476838868,0.5966968595736059
6,01_01_A0101135010001900041z,0.6666666666666666,0.10571840422978927,33.0,14.0,1.002720154448478,0.6016171611706213
7,01_01_a0101135010002200032A,0.6666666666666666,0.3558599853480173,33.0,17.0,1.4148274131456129,0.8546706713764262
8,01_01_a0101135010002200032B,0.8333333333333334,0.27271909399561045,36.0,11.0,1.0014366474594227,0.7460896923751363
9,01_01_a0101135010002200032D,0.8333333333333334,0.5171188377833403,30.0,16.0,1.0017926000297528,0.8030766536772966
10,01_01_A0101135010002600058a,0.6666666666666666,0.039501054558939486,52.0,37.0,0.07153600462693935,0.8527726358350726
11,01_01_A0101135010002600058b,0.5,0.08113386687189883,49.0,27.0,1.0017808323403516,0.7597730013921222
12,01_01_A0101135010002600058c,0.5,0.08113386687189883,49.0,27.0,1.0020096418902085,0.7713046747013791
13,01_01_A0101135010002600066z,0.5,0.3350866281477459,57.0,28.0,1.004060731232359,0.8368049135636735
14,01_01_a0101135010002600076z,0.5,0.36884834537585104,60.0,28.0,0.08672085554488683,0.9880489431586016
15,01_01_a0101135010002600077z,0.5,0.1599640283001803,46.0,23.0,1.419105613947938,0.8411797338381992
16,01_01_a0101135010003000030z,0.6666666666666666,0.27850403702432697,46.0,22.0,1.4155959528407789,0.8537309463603867
17,01_01_a0101135010003000032z,0.6666666666666666,0.24755850054329465,39.0,20.0,1.415926036699383,0.7620874024157294
18,01_01_A0101135010003800014z,0.3333333333333333,0.6583057012212951,66.0,31.0,2.013157161999138,1.3126729114575948
19,01_01_a0101135010004900033A,0.6666666666666666,0.4743983729195425,41.0,19.0,1.4152334249623522,0.8018387479215489
20,01_01_a0101135010004900038z,0.6666666666666666,0.5098166065460178,40.0,14.0,1.4147924234233398,0.7439904251913805
21,01_01_a0101135010004900043z,0.5,0.39129118305250943,41.0,17.0,1.4149116251807121,0.7931710897012741
22,01_01_a0101135010005200042z,0.8333333333333334,0.25660180769544305,36.0,17.0,0.1502960310168039,0.86705341868491
23,01_01_a0101135010005200043z,0.6666666666666666,0.22929469938293864,34.0,19.0,1.0085916287833592,0.8075044711984105
24,01_01_a0101135010005200054z,0.6666666666666666,0.27650982243807176,46.0,18.0,0.05957555896999759,0.6998243578277563
25,01_01_a0101135010005600032z,0.6666666666666666,0.2138937607365763,35.0,17.0,1.0005239609998215,0.6524054415098831
26,01_01_A0101135080001200060z,0.5,0.03888549329691793,39.0,22.0,1.001004635030383,0.4845032672151953
27,01_01_a0101135080001400034z,0.6666666666666666,0.5555557469469248,36.0,15.0,1.415236752762576,0.716569509743936
28,01_01_a0101135080001800024A,0.6666666666666666,0.3687783422843491,33.0,13.0,1.41469591474461,0.8754831965408814
29,01_01_a0101135080001800034z,0.6666666666666666,0.3670890195882835,29.0,14.0,1.4151630884251991,0.7511372778529618
30,01_01_a0101135080002300017z,0.3333333333333333,0.4758692624581608,49.0,23.0,1.7405334313399896,1.1271436456983497
31,01_01_a0101135080002300020z,0.3333333333333333,0.4746574225241673,49.0,23.0,1.7405056349011583,1.133566564538118
32,01_01_A0101135080004400016z,0.3333333333333333,1.0081105224153082,66.0,31.0,2.0131268094530377,1.5094886601616806
33,01_01_A0101135080004400020z,0.3333333333333333,0.4813732140051281,53.0,26.0,2.005793526264147,1.0092563944779094
34,01_01_A0101135080004400021z,0.3333333333333333,0.8285415464016713,62.0,29.0,2.0137885397319715,1.3806086543259533
35,01_01_A0101135080004400032z,0.3333333333333333,0.4969982140051281,48.0,23.0,2.0020723813692083,0.8917361867945344
36,01_01_A0101135080004400047z,0.8333333333333334,0.16197293781578825,26.0,16.0,1.0017046643238634,0.7580463229091821
37,01_01_a0101135080004500034A,0.6666666666666666,0.4866599464576288,35.0,18.0,1.4153446096520743,0.613210334205842
38,01_01_a0101135080005500017z,0.3333333333333333,0.38373522899247536,61.0,29.0,2.0100270171735106,1.0669758624472645
39,01_01_a0101135080005500019z,0.3333333333333333,0.3678306564278631,62.0,29.0,2.010287260006071,1.0454928822722294
40,01_01_a0101135080005500022z,0.3333333333333333,0.3605795737455999,62.0,29.0,2.0096692108659604,1.0496131140468026
41,01_01_a0101135080005500026z,0.3333333333333333,0.3605795737455999,62.0,29.0,2.008236828817912,1.0651914202177513
42,01_01_A0101135080005700022z,0.6666666666666666,0.5613864315277868,34.0,16.0,1.4152187849789832,0.9527998487969069
43,01_01_a0101135080005800031z,0.6666666666666666,0.3048602501377557,38.0,14.0,1.4150496437150075,0.8227576608148623
44,01_01_a0101135080005800046z,0.5,0.2562416048785729,42.0,16.0,1.4158539795781493,0.6557723435363045
45,01_01_a0101135080005800047A,0.6666666666666666,0.31541542146595336,40.0,16.0,1.0007163020523515,0.7386494660596914
46,01_01_a0101135080005800047z,0.6666666666666666,0.31912337817652103,40.0,16.0,1.000872780746032,0.7401972545526107
47,01_01_a0101135080007000014z,0.3333333333333333,1.0226658744371977,66.0,31.0,2.014323981527492,1.4396094749396438
48,01_01_a0101135080007000018z,0.3333333333333333,1.241302919310688,66.0,31.0,2.0167320554516635,1.5695387321246816
49,01_01_A0101135080007100014z,0.16666666666666666,0.6739307012212951,49.0,26.0,2.0027445472092897,1.123744636891218
50,01_01_A0101135080007100015a,0.16666666666666666,0.6514325632735364,51.0,24.0,2.001952872070214,1.139027505396237
51,01_01_a0101135080007500020z,0.3333333333333333,0.1920260961155671,53.0,24.0,2.004323358542061,0.8707238650691534
52,01_01_a0101135080007500021b,0.5,0.10010673741783843,45.0,19.0,1.7351399000450756,0.8508447810974983
53,01_01_a0101135080007500021c,0.5,0.1551663789349259,48.0,22.0,1.735634133631896,0.8021685187611028
54,01_01_a0101135080007500026a,0.6666666666666666,0.4350251182033097,38.0,17.0,1.4170654184586926,0.7693603837585938
55,01_01_a0101135080007800024z,0.5,0.5646823524365133,39.0,14.0,1.7337120146228466,0.9230295895816774
56,01_01_a0101135080008200031A,0.6666666666666666,0.31756626451845,33.0,17.0,1.4160195058527905,0.6569132299747271
57,01_01_a0101135080008200031B,0.6666666666666666,0.3176637289210998,33.0,17.0,1.4160073400071975,0.666425695614244
58,01_01_a0101135080008200031C,0.6666666666666666,0.22381626451845002,34.0,17.0,1.4157691814242073,0.6553668041782028
59,01_01_a0101135080008500034a,0.6666666666666666,0.12144147592950782,38.0,17.0,1.4152159905967108,0.6505656536190545
60,01_01_a0101135080008500034b,0.5,0.4316906114136368,44.0,18.0,1.7331191416827318,0.8287492375828576
61,01_01_a0101135080008900015z,0.3333333333333333,0.2821499116379436,53.0,24.0,2.002534767560312,0.9093641647582552
62,01_01_a0101135080008900024z,0.6666666666666666,0.4960409685622574,48.0,20.0,1.4215229000736878,1.0608965515583988
63,01_01_a0101135080008900025z,0.6666666666666666,0.2322303996494661,46.0,20.0,1.4188941665926027,0.8383050713202351
64,01_01_a0101135080009700024A,0.6666666666666666,0.488807853545365,43.0,19.0,1.4147469648290154,0.8236670535409182
65,01_01_a0101135080009700024B,0.6666666666666666,0.36380785354536505,40.0,15.0,1.0008108921584102,0.8099479369650406
66,01_01_a0101135080009700033A,0.6666666666666666,0.2333101437407762,43.0,17.0,1.414668536661618,0.6188557284893128
67,01_01_a0101135080009700033B,0.5,0.3463166729439967,41.0,16.0,1.4148314284856185,0.6739707939016156
68,01_01_a0101135080010200010z,0.3333333333333333,0.7086573850204169,57.0,26.0,2.002958234476239,1.1890637214552813
69,01_01_a0101135080010200044z,0.3333333333333333,0.3759986867046856,49.0,30.0,1.4146998258144896,0.6863109042495842
70,01_01_a0101135080010200049A,0.6666666666666666,0.3323803780486492,32.0,17.0,1.0010258735288542,0.662332617717793
71,01_01_a0101135080010200049B,0.6666666666666666,0.3365587042471673,32.0,17.0,1.0012579306060874,0.6665723227033872
72,01_01_a0101135080010200054c,0.6666666666666666,0.4067095173794294,34.0,17.0,1.0005859444924066,0.7003025188202414
73,01_01_a0101135080010300019z,0.3333333333333333,0.4068975215340683,47.0,22.0,2.001308550897273,0.8918606550105693
74,01_01_a0101135080010300035z,0.8333333333333334,0.3884789692252977,30.0,14.0,1.0096002891014184,0.6326448322605555
75,01_01_a0101135080010300036z,0.6666666666666666,0.29014158024196296,40.0,14.0,1.002313518276151,0.8396514784665202
76,01_01_a0101135080010700022A,0.5,0.33411086346685315,38.0,18.0,1.7325625929890978,0.7701726879785229
77,01_01_a0101135080010700044z,0.5,0.3624266840231021,33.0,16.0,1.4147203726466318,0.6183234457699297
78,01_01_a0101135080010900023A,0.5,0.4162576051738008,41.0,16.0,1.7322768320576254,0.7281778283992413
79,01_01_a0101135080010900023B,0.6666666666666666,0.4269527590278688,39.0,15.0,1.4146352786983916,0.7381921423436838
80,01_01_a0101135080010900023C,0.6666666666666666,0.11509654143930215,42.0,18.0,1.4155710205005174,0.8139203891003549
81,01_01_a0101135080010900033a,0.6666666666666666,0.32528652714040696,34.0,12.0,1.4153843494911138,0.6901568746178033
82,01_01_a0101135080010900044z,0.6666666666666666,0.316040175186226,24.0,19.0,1.0005337679335955,0.6761585718523637
83,01_01_a0101135080010900055a,0.5,0.5450243396067112,43.0,17.0,1.0024601744443191,0.7670339608995675
84,01_01_A0101135080011100012c,0.3333333333333333,0.7825603390304822,54.0,24.0,2.0014502973729527,1.0958275573105771
85,01_01_A010113508001110007b-1,0.16666666666666666,0.5258555427974493,59.0,26.0,2.005316184284756,1.0925676688758323
86,01_01_A010113508001110007b,0.16666666666666666,0.3281461305448253,61.0,29.0,2.0013924431156704,0.9784549220221878
87,01_01_a0101135080011300055z,0.3333333333333333,0.2518437669116181,37.0,29.0,1.418671142669844,0.6623931632330643
88,01_01_a0101135080011300061z,0.3333333333333333,0.31131087817652103,40.0,29.0,1.0020464087082916,0.7081156025902616
89,01_01_a0101135080011900033A,0.6666666666666666,0.4364657210401891,34.0,14.0,1.4146678537297053,0.8197138956982207
90,01_01_a0101135080011900033b,0.6666666666666666,0.02271909399561045,32.0,17.0,1.0024442111647325,0.6466002334044446
91,01_01_a0101135080011900033c,0.8333333333333334,0.1196830657939364,30.0,12.0,1.0016973484666674,0.6641720807276342
92,01_01_a0101135080011900043z,1.0,0.4534979415370835,33.0,13.0,0.08943403178513493,0.7474061422501829
93,01_01_a0101135080011900045z,0.6666666666666666,0.13576182074254073,36.0,13.0,0.0720653714227897,0.6478569572835527
94,01_01_A0101135080012200017f,0.3333333333333333,0.21673839288386154,53.0,24.0,2.003378587945708,0.7699824536816476
95,01_01_A0101135080012200018a,0.3333333333333333,0.1716166998843851,52.0,24.0,2.006876457310677,0.9260895049296644
96,01_01_a0101135080012700048C,0.8333333333333334,0.27293259985533325,37.0,13.0,0.08505200088174956,0.6760384243907984
97,01_01_a0101135080012700056B,0.8333333333333334,0.3238517392772712,29.0,14.0,0.08638478462331474,0.7339542687504029
98,01_01_a0101135080014700026z,0.5,0.5670561043566363,39.0,20.0,1.7327067601990156,0.925495477245358
99,01_01_a0101135080014700028z,0.5,0.26200374826927386,44.0,19.0,1.7338993341742721,0.7136933184701669
100,01_01_a0101135080014700032A,0.6666666666666666,0.3440524751623425,33.0,12.0,1.4153714617612156,0.6789872001497578
101,01_01_a0101135080014700033z,0.5,0.23769801951513464,43.0,18.0,1.7326706057722692,0.702312119451468
102,01_01_a0101135090000300024z,0.5,0.4274378806547261,45.0,19.0,1.7328616876706886,0.9218667928632694
103,01_01_a0101135090000300034z,0.6666666666666666,0.4511099555979875,38.0,17.0,1.4155870895120948,0.8284076436305033
104,01_01_A0101135090000400023b,0.5,0.33128996077799266,45.0,20.0,1.7326721853243026,0.8518669805295583
105,01_01_A0101135090000400032z,0.6666666666666666,0.37097015029531577,38.0,12.0,1.4151537338477809,0.8611199778661022
106,01_01_A0101135090000400034z,0.5,0.34882869214309065,43.0,19.0,1.4163152591225132,0.8308480392004322
107,01_01_A0101135090000400044z,0.5,0.2878003092191769,44.0,23.0,1.0017517718350957,0.7620634610757273
108,01_01_a0101135090000500013z,0.3333333333333333,0.8895247161182808,56.0,26.0,2.0018028247034545,1.3130176700447724
109,01_01_a0101135090000500032z,0.6666666666666666,0.4954590665516714,29.0,15.0,1.4147000730893662,0.7013501466056872
110,01_01_a0101135090001000033z,0.5,0.3246983650625299,38.0,20.0,1.7332490101784783,0.8436419680753668
111,01_01_a0101135090001000044z,0.6666666666666666,0.3181104578822944,34.0,18.0,1.0014468215914678,0.6831623192941336
112,01_01_A0101135090001800024z,0.5,0.2321968397870615,40.0,18.0,1.7328420407760663,0.7746143149874263
113,01_01_A0101135090001800031z,0.6666666666666666,0.1353080657939364,32.0,15.0,1.4152237680012256,0.652937304059124
114,01_01_A0101135090001800033z,0.5,0.18450830345777147,37.0,16.0,1.7324272640451877,0.7146881743230915
115,01_01_A0101135090002000025z,0.16666666666666666,0.5028286694191748,51.0,29.0,2.000912427564792,0.9329244629496056
116,01_01_A0101135090002000032z,0.6666666666666666,0.5419263160297507,38.0,17.0,1.4152206610743303,0.7911635201989409
117,01_01_A0101135090002500025z,0.16666666666666666,0.3970287822171399,51.0,27.0,2.001320063242248,0.8954005685657989
118,01_01_A0101135090002500032z,0.6666666666666666,0.2472511765267316,35.0,16.0,1.4150077735743003,0.7050088258105935
119,01_01_A0101135090003000035z,0.3333333333333333,0.2724032210401891,40.0,22.0,1.732264769436802,0.8141084175181363
120,01_01_a0101135090003100024z,0.5,0.3538061442848883,45.0,18.0,1.7326975268453382,0.8991232381744897
121,01_01_a0101135090003100042z,0.5,0.5057163347089398,35.0,20.0,1.4176353259548122,0.92763374757878
122,01_01_a0101135090003800024z,0.5,0.3681212966446984,45.0,18.0,1.7327146418837809,0.8953242818418302
123,01_01_a0101135090003800033z,0.8333333333333334,0.3551364461424734,28.0,15.0,1.0022951800985265,0.867358071299853
124,01_01_a0101135090003800038z,0.5,0.5300441355906352,33.0,20.0,1.4199433654292222,0.9175966092982356
125,01_01_a0101135090004400025z,0.5,0.3574228492962024,48.0,21.0,1.732580576838466,0.8518294561295604
126,01_01_a0101135090004400027z,0.5,0.351306641345132,48.0,21.0,1.7328503793613717,0.8571522176400077
127,01_01_a0101135090004400031z,0.6666666666666666,0.4200988416660816,37.0,17.0,1.4153112229683804,0.9028154890244754
128,01_01_a0101135090004400032z,0.6666666666666666,0.33967350806643914,31.0,15.0,1.415352372976732,0.8457235055729259
129,01_01_A0101135090004700036z,0.8333333333333334,0.21523529447431436,30.0,15.0,1.0003833203735812,0.7789515534851972
130,01_01_A0101135090004700042z,0.6666666666666666,0.2282581060976604,33.0,15.0,1.0008650247872282,0.7519046940551474
131,01_01_A0101135090004700047z,0.6666666666666666,0.3250474368545477,50.0,22.0,0.05141093220875146,0.6449124764031089
132,01_01_A0101135090004700049z,0.5,0.3077660083965109,56.0,30.0,1.0036554008870449,0.6996962291215911
133,01_01_A0101135090005200045z,0.3333333333333333,0.4607300298954807,42.0,25.0,1.0017674801653664,0.6379101279490921
134,01_01_a0101135090006400055z,0.6666666666666666,0.5895114461424734,47.0,20.0,0.1102997255554985,0.9535735525976528
135,01_01_a0101135090006400063z,0.3333333333333333,0.3858499840880161,40.0,18.0,1.0048727396765045,0.7506799877904203
136,01_01_a0101135090006400065z,0.5,0.571524914138964,42.0,20.0,0.08643036736464497,0.9565821482407759
137,01_01_a0101135090006400073z,0.3333333333333333,0.6421603722542716,73.0,40.0,1.0024166357887616,0.9273988212346752
138,01_01_A0101135090006700027z,0.6666666666666666,0.09628193653912752,37.0,17.0,1.4150082282328893,0.6569767259416779
139,01_01_A0101135090006700032z,0.6666666666666666,0.5872485885350132,36.0,17.0,1.41573234175825,0.721204657201833
140,01_01_A0101135090006700033z,0.6666666666666666,0.4694003723259042,36.0,16.0,1.4150426319098346,0.7906614285484792
141,01_01_A0101135090006700038z,0.8333333333333334,0.4460064941778866,35.0,13.0,1.0008638413225404,0.8032487835848612
142,01_01_A0101135090006800022a,0.3333333333333333,1.0305938549832026,62.0,29.0,2.0138008094428,1.5265669952422898
143,01_01_a0101135090006900058z,0.16666666666666666,0.2683348280554181,50.0,29.0,1.415668748298285,0.7851892474565251
144,01_01_a0101135090007000049z,0.5,0.3101124451867239,37.0,23.0,1.0064454999190855,0.7412717231809254
145,01_01_a0101135090007000051z,0.5,0.3726124451867239,46.0,32.0,1.005306144208455,0.7146724630709513
146,01_01_a0101135090007000053z,0.5,0.06347939020102866,47.0,20.0,1.0016659455740036,0.6689384883192613
147,01_01_a0101135090007900033A,0.5,0.5601181667925105,45.0,20.0,1.7347028219310596,1.0900477898393297
148,01_01_a0101135090007900033C,0.5,0.2652447594612036,44.0,24.0,1.7352388252249222,0.9306520348444056
149,01_01_a0101135090007900033D,0.5,0.825622756326066,52.0,23.0,1.7344416865548318,1.2653731156304755
150,01_01_a0101135090008400046A,0.5,0.22455089288386154,41.0,25.0,1.4147383368954904,0.6575991659195544
151,01_01_a0101135090008400046B,0.5,0.3880721320472149,39.0,22.0,1.4147206745769547,0.660462410260919
152,01_01_a0101135090008400052z,0.5,0.14619726466435012,43.0,19.0,1.4159904160962833,0.6616250196426516
153,01_01_a0101135090008500022B4,0.3333333333333333,1.0696193920251376,62.0,29.0,2.012668136003002,1.5601077600939568
154,01_01_a0101135090008500022B5,0.3333333333333333,1.0696193920251376,62.0,29.0,2.0125412537700686,1.556971189014152
155,01_01_A0101135090008500034B7,0.3333333333333333,0.21463468622798126,45.0,20.0,2.0010614332454777,0.7679193557853886
156,01_01_A0101135090008500035B10,0.3333333333333333,0.3423667300998761,48.0,21.0,2.0065552626362173,0.9005277163140712
157,01_01_a0101135090008800033z,0.5,0.3342754294022888,38.0,15.0,1.733148038293417,0.8451003590254341
158,01_01_A0101135090009000021e,0.5,0.3176255045865518,44.0,21.0,1.733529209447343,0.9569468286788664
159,01_01_A0101135090009000022b,0.6666666666666666,0.4333001617980947,43.0,20.0,1.4151013414257152,0.9385661574708132
160,01_01_a0101135090009700040z,0.5,0.3945084841980838,44.0,21.0,1.415318193922786,0.7701970538052566
161,01_01_a0101135090009800032z,0.6666666666666666,0.4116749451867239,39.0,12.0,1.4151420723902253,0.6186376600020108
162,01_01_a0101135090009900032A,0.6666666666666666,0.2276604917337014,37.0,16.0,1.4147008796518352,0.5970512144315766
163,01_01_a0101135090009900032B,0.6666666666666666,0.2682278556957215,36.0,16.0,1.4147214434536293,0.6419966677320338
164,01_01_a0101135090009900038z,0.6666666666666666,0.22274182149165636,37.0,18.0,1.4144564909699862,0.5806818247748101
165,01_01_a0101135090009900044A,0.3333333333333333,0.3356791998843851,46.0,26.0,1.4170906635695313,0.6322499927145453
166,01_01_a0101135090009900044B,0.3333333333333333,0.2944874451867239,48.0,26.0,1.4178996654542717,0.6085221432577135
167,01_01_a0101135090009900050z,0.3333333333333333,0.2934717789598109,44.0,25.0,1.4165635882819947,0.6162953373514432
168,01_01_a0101135090009900060z,0.3333333333333333,0.4106592789598109,47.0,27.0,1.4176004331798042,0.6889204142425449
169,01_01_a0101135090009900072z,0.3333333333333333,0.5625093154029596,49.0,24.0,1.0081693298852816,0.7941447280323443
170,01_01_a0101135090010000058z,0.5,0.8573902111632007,60.0,28.0,1.0036614387355152,1.0512176423263708
171,01_01_a0101135090010700038z,0.6666666666666666,0.4825879105476838,39.0,22.0,1.0004376956116456,0.6716304457807357
172,01_01_a0101135090010700045z,0.5,0.5161949304857743,40.0,20.0,1.0007214543341976,0.6967484462138079
173,01_01_a0101135090010700050z,0.6666666666666666,0.15774383778334033,38.0,18.0,1.0023184764808166,0.6450608599696467
174,01_01_a0101135090011000033z,0.6666666666666666,0.3275597945391539,30.0,15.0,1.4147718104018252,0.6576810361909017
175,01_01_a0101135090011000044z,0.5,0.3027548637506614,28.0,16.0,1.4152389957086473,0.6605158227563165
176,01_01_a0101135090011100032B,0.6666666666666666,0.23382149027095836,45.0,18.0,1.4153504371696717,0.8043625385903879
177,01_01_a0101135090011100047z,0.5,0.2567083105256477,45.0,17.0,1.4149025493134595,0.7876664974548473
178,01_01_a0101135090011500054A,0.3333333333333333,0.22438433978706152,48.0,22.0,1.4145391135183023,0.782797520924771
179,01_01_a0101135090011900051A,0.6666666666666666,0.5061455077733702,45.0,19.0,1.0022751356672204,0.7943763104861493
180,01_01_a0101135090011900051B,0.6666666666666666,0.4661319956780772,30.0,14.0,1.0008706703454395,0.7336560513039329
181,01_01_a0101135090012800031z,0.8333333333333334,0.343384431896139,33.0,14.0,1.0017364726868894,0.7392138179163911
182,01_01_a0101135090012800042z,0.5,0.11035439020102866,40.0,18.0,1.0011889516179775,0.6325950413703835
183,01_01_a0101135100000500027z,0.5,0.3905141242366839,47.0,18.0,1.7327892687724529,0.8559216490949341
184,01_01_a0101135100000500032z,0.6666666666666666,0.5606502199963478,32.0,15.0,1.415117607773995,0.6888260358600944
185,01_01_A0101135100000600038z,0.6666666666666666,0.3734558526191365,34.0,15.0,1.4151805243789881,0.7235077394271112
186,01_01_a0101135100001100031A,0.5,0.259173149716991,42.0,20.0,1.732494386622516,0.8592365397199528
187,01_01_a0101135100001100031z,0.5,0.2630457453680797,42.0,20.0,1.7324322500510276,0.8599300623490099
188,01_01_a0101135100001100032z,0.5,0.259173149716991,42.0,20.0,1.7324240265005997,0.8607030017402043
189,01_01_a0101135100002100038z,0.6666666666666666,0.300415175186226,38.0,18.0,1.4148617270392878,0.8289795061941081
190,01_01_A0101135100003000025z,0.5,0.3707363674118993,33.0,17.0,1.732265362338162,0.7948143660899651
191,01_01_A0101135100003000032z,0.6666666666666666,0.31846183960671115,28.0,15.0,1.414687662305117,0.7978871732390559
192,01_01_A0101135100003000045z,0.5,0.20015094313586115,35.0,15.0,1.000127593772388,0.5717850597617492
193,01_01_A0101135100003500015z,0.3333333333333333,0.3879978348181216,51.0,25.0,2.0002694922479582,0.7585314657204036
194,01_01_A0101135100003500033z,0.6666666666666666,0.3531309669939989,37.0,14.0,1.4148519069109138,0.8428584209964624
195,01_01_A0101135100003500038z,0.5,0.3669553257629817,38.0,20.0,1.4148142870877822,0.691151687791581
196,01_01_a0101135100003800025z,0.5,0.3689075156369269,49.0,21.0,1.732922881656528,0.8771965278479433
197,01_01_a0101135100003800032z,0.6666666666666666,0.4761590440215556,30.0,15.0,1.4149945056363202,0.7310383446179443
198,01_01_a0101135100003800040z,0.5,0.2725337012072037,40.0,16.0,1.4151807408795891,0.7611665278596489
199,01_01_a0101135100004000030z,0.6666666666666666,0.22107082430587302,34.0,16.0,1.4157598676753242,0.7631765933525404
200,01_01_a0101135100004000042z,0.5,0.17913399027095833,36.0,17.0,1.415321094294656,0.6387711509091409
201,01_01_a0101135100004200037A,0.8333333333333334,0.1151562662838086,30.0,14.0,1.001162157804052,0.6181472319648311
202,01_01_a0101135100004200037B,0.6666666666666666,0.4262842789598109,32.0,9.0,1.4153559548607533,0.6829299147694613
203,01_01_a0101135100004400042z,0.5,0.2587357950720798,38.0,17.0,1.0003770162830474,0.6111852520403132
204,01_01_a0101135100006500020z,0.3333333333333333,0.2497224055262269,56.0,26.0,2.0017723239892558,0.838801364102225
205,01_01_a0101135100006500022z,0.3333333333333333,0.2866749451867239,52.0,24.0,2.0012090892851817,0.8242989704940122
206,01_01_a0101135100006500038A,0.3333333333333333,0.8194225178760671,42.0,22.0,1.7335367202952727,1.1117902305046694
207,01_01_a0101135100007800031A,0.8333333333333334,0.18906846699399893,34.0,10.0,1.001090762062106,0.8464381763360973
208,01_01_a0101135100007800031B,0.6666666666666666,0.5116545946665627,39.0,17.0,1.4147568658270346,0.8153676202544532
209,01_01_a0101135100007800037b,0.8333333333333334,0.5838908020337097,33.0,17.0,1.00048198173737,0.8081184744251158
210,01_01_a0101135100007800041S,0.6666666666666666,0.2887810315326945,34.0,20.0,1.000828239461193,0.6656322362194799
211,01_01_a0101135100008000078A,0.5,0.015907634479824684,43.0,17.0,0.1045066203019306,0.7590541153428653
212,01_01_a0101135100008000080z,0.3333333333333333,0.1157468971631206,83.0,34.0,1.0027073026244966,0.726330654864227
213,01_01_a0101135100008000087z,0.3333333333333333,0.15597240552622693,68.0,38.0,0.08442436706454254,0.7930603592508356
214,01_01_a0101135100008000088z,0.3333333333333333,0.3825541998843851,56.0,34.0,1.0029088155434216,0.7082662134096729
215,01_01_A0101135102000100026z,0.3333333333333333,0.3653447948328268,46.0,23.0,2.000585210741237,0.8500230000680487
216,01_01_A0101135102000100032z,0.6666666666666666,0.31498615949078435,28.0,10.0,1.415828591165364,0.8089946921046584
217,01_01_A0101135110000100048z,0.3333333333333333,0.4953151849228076,49.0,31.0,1.415957093832356,0.6984378373041792
218,01_01_A0101135110000100052z,0.3333333333333333,0.0409733395503471,39.0,29.0,1.4165827425383044,0.6943035441535865
219,01_01_A0101135110000100065z,0.5,0.3596848115412645,69.0,41.0,1.003076748763893,0.7121124468888238
220,01_01_a0101135110000200038z,0.6666666666666666,0.24650681939107774,37.0,16.0,1.415435038844861,0.7541911186463499
221,01_01_A0101135110000200039z,0.5,0.2401384456264776,40.0,19.0,1.7331762816352383,0.7825131893719592
222,01_01_A0101135110000300032z,0.5,0.3631159640207505,40.0,16.0,1.7326776824048795,0.7446990774580086
223,01_01_A0101135110000600034z,0.5,0.3595491905390998,41.0,16.0,1.732603862046768,0.7696248510465694
224,01_01_A0101135110000700019z,0.3333333333333333,0.6056887974294679,51.0,25.0,2.000894857317628,0.987275661336048
225,01_01_A0101135110000700037z,0.5,0.3246908027395355,44.0,19.0,1.415583231303856,0.6742027179302309
226,01_01_A0101135110001100035z,0.5,0.2572884905501074,39.0,17.0,1.732829910690985,0.8494627426525522
227,01_01_A0101135110001200035z,0.5,0.2508051122931443,38.0,17.0,1.7332720072248204,0.8449657525448785
228,01_01_A0101135110001200046z,0.6666666666666666,0.4723581822375284,33.0,12.0,1.0010689172435836,0.728818374680068
229,01_01_A0101135110001300069z,0.5,0.11380180377370665,71.0,42.0,1.0063169962696048,0.6708364377489581
230,01_01_a0101135110001600035z,0.3333333333333333,0.2837455657939364,48.0,28.0,1.7325220353667146,0.6844379641108633
231,01_01_A0101135110001700025z,0.3333333333333333,0.33920042316043786,44.0,20.0,2.0007404670588183,0.8671864588519663
232,01_01_A0101135110001700032b,0.6666666666666666,0.29564508183187355,28.0,14.0,1.415491259120678,0.756248138177495
233,01_01_A0101135110001700037z,0.5,0.2722339272974068,39.0,19.0,1.415400259603856,0.7702940553073099
234,01_01_A0101135110002000043z,0.3333333333333333,0.2716291584778832,51.0,28.0,1.4153939337985753,0.8049387515787657
235,01_01_A0101135110002000054z,0.3333333333333333,0.09403263447982467,42.0,27.0,1.4175448980689909,0.6995704289240173
236,01_01_A0101135110002100054z,0.3333333333333333,0.09858844313586113,42.0,27.0,1.4175199489966928,0.6984681443060181
237,01_01_A0101135110002200033z,0.3333333333333333,0.4437861602307139,49.0,32.0,1.7337078033146085,0.9127462417719604
238,01_01_A0101135110002300044z,0.3333333333333333,0.2034979415370835,47.0,18.0,1.4151001513795636,0.7000267998738702
239,01_01_A0101135110002400035z,0.3333333333333333,0.2983211476060638,51.0,25.0,1.732259954712723,0.7876176789673804
240,01_01_A0101135110002500048z,0.3333333333333333,0.5000318563869453,49.0,31.0,1.4162945408506982,0.7059788490530239
241,01_01_A0101135110002500052z,0.3333333333333333,0.040309111844786805,39.0,29.0,1.4166909440715034,0.7091040357950282
242,01_01_A0101135110002500065z,0.5,0.35883902461737915,69.0,41.0,1.0043501880932253,0.6968009317708597
243,01_01_a0101135120000100022z,0.5,0.489107509979241,48.0,23.0,1.7331069941801212,0.9178326723689056
244,01_01_a0101135120000100035z,0.6666666666666666,0.35078918137421833,33.0,17.0,1.415272169577969,0.7659400763439923
245,01_01_a0101135190000500032C,0.3333333333333333,0.3818876811004837,46.0,22.0,2.0040268184463854,1.0176563748384126
246,01_01_a0101135190000500033B,0.16666666666666666,0.38607542316043786,56.0,30.0,2.007069353488141,1.037872781097168
247,01_01_A0101135220000100022z,0.16666666666666666,0.4274378806547261,49.0,24.0,2.0008370686909536,0.8780609673640254
248,01_01_A0101135220000100026z,0.16666666666666666,0.3108550642624046,49.0,22.0,2.001069191198503,0.8035335845878385
249,01_01_A0101135220000100034z,0.5,0.3050913755015976,37.0,16.0,1.4160413958365023,0.8109808412552995
250,01_01_A0101135220000200046z,0.5,0.18945914209282064,39.0,17.0,1.4154361852003468,0.6870266750029385
251,01_01_A0101135220000300015z,0.16666666666666666,0.7156818246219113,55.0,26.0,2.0005224060190208,1.1690290385579132
252,01_01_A0101135220000300017z,0.5,0.1274526867407907,37.0,17.0,1.7342803727814575,0.882528310313952
253,01_01_A0101135220000300018z,0.16666666666666666,0.3147139442019762,48.0,22.0,2.0019926126178333,0.8542757532750404
254,01_01_A0101135220000300021z,0.5,0.32533465209413925,48.0,22.0,1.7344211665103624,0.9204351602824696
255,01_01_a0101135220000400015z,0.3333333333333333,0.7485055953849317,52.0,24.0,2.0110239842962105,1.2054357437400072
256,01_01_A0101135220000400017z,0.16666666666666666,0.7466281770640762,57.0,28.0,2.00050230620648,1.175460199912164
257,01_01_A0101135220000400021z,0.16666666666666666,0.3108550642624046,49.0,24.0,2.0008511719399293,0.7975626590896003
258,01_01_A0101135220000500031z,0.6666666666666666,0.237016255663407,30.0,14.0,1.4151548108968393,0.6955860614806205
259,01_01_A0101135230000100027z,0.3333333333333333,0.2527098280554181,42.0,20.0,2.0009425370352574,0.8260542502983692
260,01_01_A0101135230000100032z,0.5,0.3094432784514626,31.0,18.0,1.732601942755265,0.5945222292552141
261,01_01_a0101135230001000018z,0.3333333333333333,0.6909244045305872,52.0,21.0,2.004756477248672,1.1534362797789883
262,01_01_a0101135230001000022z,0.16666666666666666,0.4949160450142712,51.0,28.0,2.001043744665961,0.7992595916875722
263,01_01_a0101135230001000026z,0.5,0.24089979753566226,50.0,21.0,1.7407748099081108,0.953883444865678
264,01_01_a0101135230001600014z,0.3333333333333333,0.6700197241652904,51.0,24.0,2.0042930305862123,1.1266881080693796
265,01_01_a0101135230001600017z,0.5,0.3166359580642885,43.0,19.0,1.7350340805175632,0.8771379786056719
266,01_01_a0101135230001600021z,0.16666666666666666,0.280525910013942,45.0,25.0,2.001335160915873,0.8014141107454037
267,01_01_a0101135230001900023z,0.3333333333333333,0.2786707453680797,45.0,25.0,2.003671300030136,0.8830682637169618
268,01_01_a0101135230001900032z,0.5,0.10894927367176804,34.0,22.0,1.7333033349594456,0.6421308195314143
269,01_01_A0101135240000800031z,0.5,0.29632897269200464,38.0,16.0,1.7334067817781271,0.8157274079894048
270,01_01_A0101135240000800034z,0.5,0.3166359580642885,39.0,16.0,1.7329148813467554,0.7689480506392858
271,01_01_A0101135240000900011z,0.16666666666666666,0.5251143350032281,51.0,27.0,2.0073792832380524,0.8905187547195497
272,01_01_A0101135240000900013z,0.16666666666666666,0.20275703537006728,48.0,28.0,2.003241589718124,0.8710170808913129
273,01_01_A0101135240000900017z,0.3333333333333333,0.5103444365391275,50.0,20.0,1.7327974049904118,0.7822750291046401
274,01_01_A0101135240001200023z,0.16666666666666666,0.4739555547710204,57.0,30.0,2.0006593446998395,0.9393918505023904
275,01_01_A0101135240001200025z,0.16666666666666666,0.4900290545016066,55.0,24.0,2.000643424080915,0.901081482718132
276,01_01_A0101135240001200031z,0.5,0.2817031839184886,47.0,18.0,1.7326553713993218,0.8357954907739458
277,01_01_A0101135240001200034z,0.5,0.28317651433585544,48.0,18.0,1.732692083243859,0.8463343001575512
278,01_01_A0101135240001300023z,0.16666666666666666,0.4599195401538407,57.0,30.0,2.000688163029454,0.9344539353951504
279,01_01_A0101135240001300025z,0.16666666666666666,0.4858632162686794,55.0,24.0,2.0007095097476686,0.8976756533750399
280,01_01_A0101135240001300031z,0.5,0.2761935420452103,47.0,18.0,1.732746968988626,0.8418040089158607
281,01_01_A0101135240001300034z,0.5,0.2776054836951869,48.0,18.0,1.7326832888437191,0.8429780377526368
282,01_01_A0101135240001400047z,0.3333333333333333,0.22228932582378824,43.0,22.0,1.0019128057179794,0.6333117440602576
283,01_01_A0101135240001500032z,0.5,0.3600858932740096,36.0,19.0,1.7327599374926141,0.6565075527807491
284,01_01_A0101135240001500048z,0.6666666666666666,0.3007170946665627,34.0,15.0,1.0010773190072166,0.7068156204889668
285,01_01_A0101135240001500059z,0.3333333333333333,0.2859849368545477,58.0,33.0,1.4169105368240225,0.6973850612410389
286,01_01_a0101135240001600018z,0.5,0.3185679888723474,43.0,19.0,1.7349097327407357,0.8705191151096637
287,01_01_a0101135240001600022z,0.16666666666666666,0.2761935420452103,45.0,22.0,1.7334743704092246,0.7899478568572328
288,01_01_a0101135240001600026z,0.16666666666666666,0.30107527750208496,47.0,22.0,1.7334877827209014,0.8147986813788781
289,01_01_A0101135240002000032z,0.6666666666666666,0.4683697594612036,31.0,15.0,1.4160457144523864,0.8396575927040144
290,01_01_a0101135240002200031z,0.5,0.2866744893074125,39.0,20.0,1.7327870283867,0.8302911091679033
291,01_01_A0101135240002300030z,0.5,0.5392224885561127,39.0,22.0,1.7326681577985814,0.7475746247847831
292,01_01_A0101135240002300048z,0.6666666666666666,0.2733819298313979,37.0,19.0,1.0009017902319286,0.6859504876884516
293,01_01_a0101135240003000048z,0.5,0.4685798576090378,39.0,24.0,1.0001177696006829,0.672096451417041
294,01_01_a0101135240003000055z,0.5,0.23252433960671115,38.0,24.0,1.002265461630336,0.6554763856700254
295,01_01_a0101135240003000061A,0.5,0.3659575818318736,35.0,19.0,1.0003604925804523,0.6430092101277014
296,01_01_a0101135240003000061B,0.6666666666666666,0.36664147269200464,38.0,21.0,1.000957887995071,0.6890764951161021
297,01_01_A0101135270000200034z,0.5,0.27984695305451845,41.0,16.0,1.7326053886161812,0.7852292770052657
298,01_01_A0101135270000200046z,0.3333333333333333,0.31032967517889154,43.0,20.0,1.4149642112457863,0.6424206485918544
299,01_01_A0101135270000200055z,0.5,0.19794201414363727,48.0,24.0,1.0016404269425685,0.6475579492836472
300,01_01_A0101135270000500024z,0.16666666666666666,0.4001529778698927,45.0,25.0,2.0012063707650896,0.8813122637027617
301,01_01_A0101135270000500031z,0.6666666666666666,0.34138937528449553,32.0,15.0,1.4153389954637332,0.6761813356651453
302,01_01_A0101135270000500042z,0.5,0.22600899027095836,42.0,16.0,1.4149206759732365,0.6045237279274662
303,01_01_a0101135270000600028z,0.5,0.3672052126947507,46.0,18.0,1.7345132794685785,0.8186262138352162
304,01_01_A0101135270000700023z,0.16666666666666666,0.2835825661318225,47.0,22.0,2.0007823489292837,0.8223666252589329
305,01_01_A0101135270000700026z,0.5,0.2454717789598109,40.0,18.0,1.7329931570071297,0.7867261102483478
306,01_01_A0101135270000700032z,0.3333333333333333,0.12158085261913648,36.0,22.0,1.7327956000194562,0.6110330091742072
307,01_01_A0101135270000800034z,0.6666666666666666,0.4479295368296628,34.0,18.0,1.4148918021954158,0.6823318955870534
308,01_01_a0101135270001100028z,0.5,0.383145347071266,39.0,16.0,1.7327360151749385,0.8509949603441799
309,01_01_A0101135270001100038z,0.6666666666666666,0.3712665297150979,34.0,15.0,1.4177450107274518,0.8831433132995106
310,01_01_A0101135270001200035z,0.5,0.31273708508225984,46.0,21.0,1.7330739434022344,0.8485897186295527
311,01_01_A0101135270001600036z,0.6666666666666666,0.31466351937279025,40.0,12.0,1.4159810529309536,0.8218608979233013
312,01_01_A0101135270001800037z,0.6666666666666666,0.3136185107657408,41.0,22.0,1.4158051055162946,0.8402622204778523
313,01_01_A0101135270002800054z,0.3333333333333333,0.42713107561719255,53.0,31.0,1.4153308890846346,0.8600469095770191
314,01_01_A0101135270002800061z,0.6666666666666666,0.3090658027395355,36.0,20.0,1.4149983969106317,0.7461535617775208
315,01_01_A0101135270002800072z,0.16666666666666666,0.477841557027696,48.0,25.0,1.4183383646609309,0.7519216651574755
316,01_01_A0101135270003100023z,0.5,0.33454640582548256,47.0,19.0,1.7329180550493133,0.8655578740027169
317,01_01_A0101135270003100025z,0.5,0.3285762565717512,45.0,18.0,1.7330070866965237,0.858462406744217
318,01_01_A0101135270003100035z,0.6666666666666666,0.2934717789598109,26.0,12.0,1.4149519155938302,0.8078995656271218
319,01_01_A0101135270003100045z,0.5,0.2193257912978004,38.0,18.0,1.4147128584819626,0.7548347876346274
320,01_01_A0101135270003200047z,0.5,0.3289496438697711,44.0,17.0,1.42094516759878,0.6500891510263949
321,01_01_A0101135270004100074z,0.3333333333333333,0.3737700818318736,72.0,32.0,0.09972910869709334,0.6651804116377144
322,01_01_A0101135270004200035A,0.6666666666666666,0.4276562662838086,42.0,17.0,1.4167715994099448,0.6262550189956106
323,01_01_A0101135270004200035B,0.6666666666666666,0.17826502228242513,38.0,16.0,1.4146269684959665,0.8502284918338836
324,01_01_A0101135270004200050B,0.6666666666666666,0.08333366686411693,32.0,21.0,1.415189134181956,0.7080927581607215
325,01_01_A0101135270004200057z,0.5,0.5326815247225227,49.0,23.0,1.41688381162261,0.8789742368217096
326,01_01_A0101135270004200068B,0.5,0.1925777590278688,40.0,23.0,1.4146225645624282,0.7922822464021302
327,01_01_A0101135270004200101z,0.16666666666666666,0.453400070495861,67.0,41.0,1.0038820666756398,0.7965552069378882
328,01_01_A0101135270004300048z,0.6666666666666666,0.2293849260987755,38.0,15.0,1.4150098907713151,0.7302812723175915
329,01_01_A0101135270004300066a,0.5,0.21504554945161414,32.0,16.0,1.4151141139089283,0.6850396788666755
330,01_01_A0101135270004300067a,0.6666666666666666,0.5714332641996633,38.0,17.0,1.4167448870298565,1.0321181210224666
331,01_01_A0101135270004300068b,0.6666666666666666,0.2674687669116181,34.0,16.0,1.0022262424925177,0.7762293446787808
332,01_01_A0101135270004300081z,0.6666666666666666,0.4375093154029596,42.0,28.0,0.1338333702608422,0.8644807398116371
333,01_01_A0101135270005200052z,0.5,0.3020269783900104,44.0,23.0,1.006715366823557,0.7471600112309746
334,01_01_a0101135270005400053z,0.16666666666666666,0.23642830069894136,43.0,23.0,1.4155695554238004,0.6217516291135793
335,01_01_A0101135270005700034b,0.5,0.5207085747344588,47.0,22.0,1.7342077999415768,0.9425724363863952
336,01_01_A0101135270005700034z,0.5,0.530888385588053,43.0,20.0,1.7332199032337587,0.9817709540681616
337,01_01_A0101135270005700050z,0.6666666666666666,0.3339062662838086,32.0,17.0,1.0018479493797203,0.6156245624142854
338,01_01_A0101135270005700053z,0.6666666666666666,0.611003469100656,36.0,15.0,1.4148635006293675,0.8861079118098258
339,01_01_A0101135270005700068b,0.6666666666666666,0.5039918214916563,35.0,17.0,1.0009959416895928,0.7825663538929618
340,01_01_a0101135270005900026a,0.3333333333333333,0.28026196969550576,51.0,24.0,2.0010212082564087,0.850425638037074
341,01_01_a0101135270005900026b,0.5,0.1814610692411408,43.0,16.0,1.7323184090458716,0.7276311380888124
342,01_01_a0101135270005900026b1,0.5,0.17940990552622693,43.0,16.0,1.732307483900978,0.7143085211950279
343,01_01_a0101135270005900026d,0.3333333333333333,0.11095208293003422,50.0,21.0,2.00060336457931,0.7057635846153325
344,01_01_a0101135270005900033b,0.6666666666666666,0.3775515026366414,34.0,18.0,1.4144598520043514,0.7148132349836851
345,01_01_a0101135270005900033b1,0.6666666666666666,0.3697390026366414,36.0,17.0,1.4146324051068124,0.7303902076050464
346,01_01_a0101135270005900043a,0.5,0.2515770829300342,36.0,22.0,1.4147609561684502,0.6460426158383791
347,01_01_a0101135270005900050z,0.5,0.21504554945161414,33.0,11.0,1.4147809197819678,0.6191345125428149
348,01_01_a0101135270005900068z,0.3333333333333333,0.4583103348181216,43.0,24.0,1.4173323383708183,0.6394726053828069
349,01_01_A0101135270006100010z,0.3333333333333333,0.23215911746110285,62.0,29.0,2.0133683879538555,1.0875964094886348
350,01_01_A0101135270006100011z,0.3333333333333333,0.5478781534618029,65.0,31.0,2.0134458935703896,1.297427458417488
351,01_01_A0101135270006100013z,0.3333333333333333,0.7672516960214223,62.0,30.0,2.012317003978813,1.3753585571722595
352,01_01_a0101135270007300062z,0.3333333333333333,0.1853507309504432,44.0,26.0,1.0042179607346184,0.7224456606677012
353,01_01_a0101135270007500061z,0.5,0.2893883590444354,41.0,17.0,1.4156589452914732,0.7033387438442124
354,01_01_a0101135270007500071z,0.6666666666666666,0.2724032210401891,33.0,13.0,1.0020522828177596,0.6515140513383034
355,01_01_a0101135270007800058A,0.3333333333333333,0.5114888244143564,49.0,22.0,1.4167730157603249,0.8458485798157886
356,01_01_a0101135270007800058B,0.5,0.3497754105476838,39.0,21.0,1.4148267225104192,0.7579540266504673
357,01_01_a0101135270007800064z,0.5,0.4440778020621211,38.0,19.0,1.0024230479710494,0.8434383170017795
358,01_01_a0101135270007900060z,0.5,0.3316642392772712,34.0,16.0,1.41571976979302,0.7063150851229406
359,01_01_a0101135270008000043A,0.5,0.8106500943719973,50.0,24.0,1.0137869380930271,0.9596627084914008
360,01_01_a0101135270008000043B,0.5,0.4580292480000586,43.0,29.0,1.4174059056744757,0.8934749151208097
361,01_01_a0101135270008000043C,0.5,0.1734301122931442,41.0,21.0,1.4176153982800783,0.8272782264733893
362,01_01_a0101135270008400054z,0.5,0.3325342789598109,36.0,20.0,1.4144296493151474,0.8123018464870556
363,01_01_a0101135270008400063z,0.5,0.21835240596945715,49.0,22.0,1.0080849895693529,0.69336458164406
364,01_01_a0101135270008500048z,0.6666666666666666,0.044422554616135534,38.0,15.0,1.0041705331562352,0.7435362407321257
365,01_01_a0101135270009000089z,0.6666666666666666,0.3721789205535711,41.0,18.0,1.0015390895854521,0.6236400979357857
366,01_01_A0101135270009500024z,0.8333333333333334,0.05098304945161414,32.0,10.0,1.0017957117803868,0.5801033660452445
367,01_01_A0101135270009500040A,0.6666666666666666,0.4415863926624348,32.0,17.0,1.0006537665145203,0.7172766294803284
368,01_01_A0101135270009500040B,0.5,0.5858956770314362,31.0,18.0,1.4148488899872853,0.7105844889112449
369,01_01_a0101135270010500025A2,0.8333333333333334,0.7953608163929661,30.0,15.0,1.014916636131148,1.1719557949853001
370,01_01_a0101135270010500040B1,0.5,0.7246523694120722,35.0,15.0,1.42971858481685,1.182683652413665
371,01_01_a0101135270010500040B2,0.5,1.0349146181557909,39.0,18.0,1.4309097929719514,1.2044959559070625
372,01_01_a0101135270010500040B3,0.6666666666666666,0.6645413879645502,35.0,16.0,1.0120660192504396,1.1646756806580658
373,01_01_a0101135270010500041C1,0.6666666666666666,0.7961536609822828,37.0,19.0,1.0121323330607492,0.9901720295601072
374,01_01_a0101135270010500041C2,0.6666666666666666,0.9519651300236406,34.0,16.0,1.0086928977007883,1.0812020651786072
375,01_01_a0101135270010500051D,0.5,0.20178556952028293,46.0,21.0,1.0054519942047182,0.7770097136518551
376,01_01_A0101135280000100034z,0.5,0.2693627871341978,35.0,21.0,1.7327074134755192,0.7994705555391171
377,01_01_A0101135280000100067z,0.5,0.4348728348181216,52.0,27.0,0.08509644985777264,0.7315628306077331
378,01_01_A0101135280000300031z,0.5,0.33855316113503753,40.0,21.0,1.7332116874824848,0.8398977175499188
379,01_01_A0101135280000300034z,0.5,0.26361201224898034,36.0,18.0,1.4157337045147873,0.6027010737582618
380,01_01_A0101135280000400055z,0.3333333333333333,0.4078937647754137,60.0,32.0,1.0027400525585322,0.6588647195265236
381,01_01_A0101135280000500035z,0.6666666666666666,0.2748123784148517,33.0,16.0,1.414970880932081,0.7550732110057009
382,01_01_A0101135280000500045z,0.5,0.3612858395503471,43.0,17.0,0.07276864871351371,0.5571181587441391
383,01_01_A0101135280000500056z,0.6666666666666666,0.18815037232590426,46.0,22.0,0.050594411294086976,0.6402875336489062
384,01_01_A0101135280000500066z,0.5,0.2346774751623425,83.0,39.0,0.09800474640114884,0.7259151731667169
385,01_01_a0101135280000800026z,0.5,0.3923450156369269,49.0,21.0,1.7329329375856737,0.8785953751376321
386,01_01_a0101135280000800040z,0.5,0.4884871843231265,42.0,18.0,1.4149718975183787,0.6564643361814639
387,01_01_a0101135280000800042z,0.5,0.1474032210401891,41.0,17.0,1.0015772428874603,0.6544141283671403
388,01_01_A0101135280000900026z,0.16666666666666666,0.4274378806547261,49.0,24.0,2.0014179012204383,0.9025944068940392
389,01_01_A0101135280000900034z,0.6666666666666666,0.4768656427520889,32.0,15.0,1.4149378288779648,0.7226978492113917
390,01_01_A0101135280000900043z,0.5,0.14537899727145248,38.0,16.0,1.4150794067161618,0.6365115282374549
391,01_01_a0101135280001000023z,0.3333333333333333,0.38771629306639394,49.0,23.0,2.000794496242684,0.8898612088282764
392,01_01_a0101135280001000033z,0.6666666666666666,0.314761035158158,27.0,13.0,1.4150868187903167,0.8275342184565905
393,01_01_a0101135280001900031z,0.3333333333333333,0.24670122828656596,40.0,19.0,1.7327580658044046,0.6910781685060777
394,01_01_A0101135280002900031z,0.3333333333333333,0.24694327845146255,40.0,19.0,1.7327621795667263,0.6859143956220926
395,01_01_A0101135280002900057z,0.5,0.0923093971631206,60.0,30.0,0.0552716696266546,0.5994818202076109
396,01_01_A0101135280003000031z,0.5,0.4886506543050762,34.0,18.0,1.7326072922869282,0.689570198578037
397,01_01_A0101135280003000055z,0.5,0.2508049489019601,46.0,22.0,1.0030364552158493,0.7158429609172062
398,01_01_A0101135280003100055z,0.3333333333333333,0.4412144796897379,60.0,32.0,1.0028050504877437,0.6602849352549713
399,01_01_a0101135280003800042z,0.3333333333333333,0.4806071547876011,44.0,16.0,1.4153647680560864,0.6022450758553962
400,01_01_a0101135280003800048z,0.3333333333333333,0.4183602944743143,43.0,17.0,1.4156132509358919,0.5670733517975924
401,01_01_a0101135280003800053z,0.3333333333333333,0.5103444365391275,42.0,32.0,1.415454714803669,0.6837196509359794
402,01_01_A0101135280005300013A,0.3333333333333333,1.0656728962782465,58.0,26.0,2.003415358752662,1.4200088450134676
403,01_01_a0101135280005300020C,0.3333333333333333,0.23732707611743364,54.0,25.0,2.004023887876041,0.8748479066666167
404,01_01_A0101135280005600010z,0.3333333333333333,0.7667557295770949,61.0,29.0,2.0134349110854384,1.3927725414643055
405,01_01_A0101135280005600014z,0.3333333333333333,1.0212666507546828,61.0,29.0,2.0094881206205573,1.4883995117471698
406,01_01_A0101135280005600016z,0.3333333333333333,0.7988224283104602,58.0,27.0,2.0036397691514485,1.2638622693890251
407,01_01_A0101135280005600017z,0.3333333333333333,0.8161384456264776,56.0,27.0,2.004032114932745,1.2770280336607336
408,01_01_A0101135280005600018z,0.3333333333333333,0.8857396754355819,52.0,24.0,2.001104926294935,1.2079585581295886
409,01_01_A0101135280005600020z,0.3333333333333333,0.21759829964107613,54.0,25.0,2.002364578091718,0.7916799847060941
410,01_01_A0101135280005600022z,0.3333333333333333,0.5426921179428618,53.0,24.0,2.0020386743842176,0.9745536842506648
411,01_01_A0101135280006000035z,0.6666666666666666,0.2906942577572518,38.0,20.0,1.4157225011547008,0.5887912209042518
412,01_01_A0101135280006000036z,0.6666666666666666,0.16888330345777147,46.0,18.0,1.415209823175959,0.6204280176444819
413,01_01_a0101135280006300021a,0.6666666666666666,0.2151239847633395,48.0,20.0,1.4175475630466712,0.7945254164252135
414,01_01_a0101135280006300021b,0.6666666666666666,0.30580614379593024,45.0,20.0,1.4183931941127987,0.8903009316164029
415,01_01_a0101135280006300021d,0.6666666666666666,0.4779233464839266,48.0,23.0,1.4157787915800832,0.9779972026691393
416,01_01_a0101135280006300028e,0.6666666666666666,0.2695762176021086,43.0,21.0,1.4176912932530217,0.8298216102288944
417,01_01_a0101135280006400040z,0.8333333333333334,0.2255282210401891,31.0,12.0,1.0013203000901,0.6128613895634909
418,01_01_a0101135280006400042z,0.6666666666666666,0.2934717789598109,29.0,21.0,1.0015120764219,0.6255861640295027
419,01_01_a0101135280007100031z,0.6666666666666666,0.2354935107657408,43.0,20.0,1.4156399493260938,0.7912047408292023
420,01_01_a0101135280007500023z,0.6666666666666666,0.28183041310699497,36.0,12.0,1.414830404267288,0.7104152260118857
421,01_01_a0101135280007500032C,0.6666666666666666,0.3135979917337014,44.0,15.0,1.4147994449466181,0.6437587147815517
422,01_01_a0101135280007500033z,0.5,0.2781724368545477,34.0,19.0,1.4146272830719693,0.6579489489636574
423,01_01_a0101135280007500044z,0.5,0.3233641840231021,38.0,21.0,1.4159168000561742,0.6335683173522683
424,01_01_a0101135280007500046z,0.5,0.3740759456264776,38.0,21.0,1.4160248090864445,0.654979525136708
425,01_01_a0101135280007500054z,0.5,0.2803261587552073,34.0,19.0,1.4145472378171209,0.6658303892485884
426,01_01_a0101135280008100025z,0.6666666666666666,0.7054376880507199,43.0,18.0,1.415436675359394,1.074422085915728
427,01_01_a0101135280008100030z,0.6666666666666666,0.6656819849523202,41.0,18.0,1.4151229686583886,1.0596488992602824
428,01_01_a0101135280008100032z,0.6666666666666666,0.3099207453680797,40.0,14.0,1.4154924842790986,0.8019943532083313
429,01_02_A0102134010000100019z,0.16666666666666666,0.3090159385039705,57.0,27.0,2.0005646700032877,0.8838858172277145
430,01_02_A0102134010000100021z,0.16666666666666666,0.5050273345153664,52.0,30.0,2.0013246536079308,0.9506087368074496
431,01_02_a0102134010000100045z,0.5,0.4921875,37.0,21.0,1.0022713755560209,0.7120087423868989
432,01_02_A0102134010000200019z,0.3333333333333333,0.34519043339406164,48.0,19.0,2.00061217277773,0.8676185712641985
433,01_02_A0102134010000200024z,0.3333333333333333,0.3612909404018172,45.0,21.0,1.7340863276980958,0.9375846372117276
434,01_02_A0102134010000200028z,0.16666666666666666,0.4817193359630682,56.0,26.0,1.7338769963158207,0.9433199125991428
435,01_02_A0102134010000700031z,0.5,0.2642598624978945,41.0,19.0,1.7328305928457108,0.7873352005876917
436,01_02_A0102134010000700040z,0.6666666666666666,0.5015817517918976,44.0,17.0,1.0021793966588934,0.7913186665127994
437,01_02_A0102134010001000028z,0.5,0.44620256314545226,38.0,19.0,1.7325012098962975,0.7993606993479636
438,01_02_A0102134010001000038z,0.6666666666666666,0.4440647772415979,36.0,19.0,1.4157074802700322,0.9242185677575718
439,01_02_A0102134010001300016z,0.3333333333333333,0.9132908744371978,47.0,22.0,2.004841798482934,1.264285307386473
440,01_02_A0102134010001300023z,0.16666666666666666,0.511841116938905,45.0,25.0,2.0010663205664567,0.9447326427372694
441,01_02_A0102134010001300032z,0.6666666666666666,0.26556676576719873,36.0,15.0,1.4161959509314297,0.8084471523912227
442,01_02_a0102134010001400034z,0.5,0.2349507912978004,44.0,18.0,1.733325012118693,0.6404514490254359
443,01_02_a0102134010002000024z,0.6666666666666666,0.428177650717736,38.0,17.0,1.4170377558783869,0.9686218262269572
444,01_02_A0102134010002100028z,0.16666666666666666,0.4757557668752187,55.0,26.0,1.7334700948923951,0.947860312294744
445,01_02_A0102134010002300032z,0.6666666666666666,0.33681355111170963,40.0,14.0,1.4159479601117828,0.8230647135614584
446,01_02_a0102134010003300053z,0.5,0.25576580203370963,40.0,15.0,1.4151642795363326,0.7039765844283922
447,01_02_a0102134010003700032A,0.6666666666666666,0.3788051122931442,36.0,16.0,1.4166637655704035,0.9016524067770236
448,01_02_A0102134010007100034B,0.6666666666666666,0.6164832226217827,33.0,15.0,1.4148452336667805,0.7691186077850752
449,01_02_A0102134010007100034C,0.8333333333333334,0.2802511464296904,30.0,14.0,1.0015787153406654,0.7594586031064204
450,01_02_A0102134010008000030z,0.6666666666666666,0.4916273912047089,38.0,14.0,1.4157604914153727,0.8749858343488438
451,01_02_A0102134020000200023d,0.5,0.4336220716019513,42.0,17.0,1.734494726716748,0.9654489273719876
452,01_02_A0102134020000200023d1,0.5,0.6367445062325382,39.0,18.0,1.7344955703139056,1.044781987189473
453,01_02_A0102134020000200033b,0.5,0.3488675493525601,38.0,19.0,1.7336417422957051,0.8226058145019852
454,01_02_A0102134020000200033c,0.16666666666666666,0.3852288428418748,43.0,24.0,2.0005046830468816,0.7899029907675427
455,01_02_A0102134020000200034a,0.5,0.14462618677894712,41.0,17.0,1.7324456328718818,0.7756583203697196
456,01_02_A0102134020000400025z,0.5,0.4286740581620901,45.0,19.0,1.7330467269046832,0.934525011702648
457,01_02_a0102134020000700026B,0.3333333333333333,0.3512336386474126,42.0,21.0,2.000831243919828,0.8560958283369633
458,01_02_a0102134020000700026C,0.3333333333333333,0.3321417867595497,46.0,20.0,2.0011055995054288,0.7980006621969989
459,01_02_a0102134020000700046B,0.5,0.23642830069894136,40.0,15.0,1.4152536950447765,0.639673331811356
460,01_02_A0102134020000800022z,0.16666666666666666,0.4552821765133277,47.0,24.0,2.0008106480283194,0.9024260923488892
461,01_02_A0102134020000800027z,0.16666666666666666,0.3438291457309708,47.0,24.0,2.001361914862253,0.8242076780603703
462,01_02_A0102134020000900035z,0.6666666666666666,0.4926413162782843,36.0,16.0,1.4151888188441517,0.7011463058775521
463,01_02_A0102134020001800026z,0.5,0.3563683306839488,42.0,15.0,1.7325696029464517,0.8545345194402082
464,01_02_A0102134020001800033z,0.6666666666666666,0.29595065219924754,28.0,14.0,1.4151319996850713,0.7987714906651608
465,01_02_A0102134020001900026z,0.5,0.4658896894075722,46.0,18.0,1.732738557294104,0.9577863829908124
466,01_02_A0102134020002800031A,0.6666666666666666,0.2972270606499517,32.0,16.0,1.4178007852303238,0.8479213459311642
467,01_02_A0102134020002800032A,0.8333333333333334,0.3970908265788585,27.0,13.0,1.001742078411192,0.8093681010389701
468,01_02_A0102134020002800032B,0.6666666666666666,0.3502158265788585,38.0,16.0,1.4159796475605768,0.8374308495911986
469,01_02_A0102134020003600024A,0.5,0.3973103956745083,50.0,21.0,1.7326770991982687,0.8967961954671687
470,01_02_A0102134020003600024B,0.5,0.5180518393827717,45.0,18.0,1.7324752567463757,0.967303940969128
471,01_02_a0102134020003700034A,0.6666666666666666,0.2391031323877069,34.0,15.0,1.4160567925070109,0.5696546265811903
472,01_02_A0102134020003900029z,0.5,0.22176093558631693,41.0,17.0,1.7349234213209104,0.8168822500906278
473,01_02_A0102134020005700032A,0.6666666666666666,0.33411086346685315,34.0,16.0,1.4153824225658618,0.8048531124099247
474,01_02_A0102134020005700032B,0.6666666666666666,0.253667858042531,37.0,6.0,1.415194426056166,0.5636654033311251
475,01_02_A0102134020005700038z,0.6666666666666666,0.24547502955082745,37.0,16.0,0.056471408157285075,0.7562393803754641
476,01_02_A0102134020005700041z,0.6666666666666666,0.14633708569343296,39.0,16.0,0.044295288011627534,0.5831781871500423
477,01_02_A0102134020006400032z,0.6666666666666666,0.3597008590444354,31.0,11.0,1.414666608866093,0.6437137125982789
478,01_02_A0102134020007600033A,0.8333333333333334,0.35233241493997125,25.0,15.0,1.0013740153566708,0.7199494462289652
479,01_02_a0102134020007600033AA,0.8333333333333334,0.35203384202519983,25.0,15.0,1.001006539690061,0.7085644950061947
480,01_02_A0102134030000200026z,0.5,0.3673646081134159,40.0,18.0,1.7327559805502362,0.8556713862108476
481,01_02_A0102134030000200033z,0.6666666666666666,0.3188117494612859,28.0,16.0,1.4150855404578413,0.8468480075488071
482,01_02_A0102134030000400026z,0.5,0.4381315727742439,39.0,15.0,1.7331738902054123,0.8915217039070112
483,01_02_A0102134030000400033z,0.6666666666666666,0.26404851946614005,28.0,15.0,1.4150471506120723,0.7059402721175561
484,01_02_A0102134030000500024z,0.5,0.2642162822171399,45.0,19.0,1.733415949267011,0.8976670127760457
485,01_02_A0102134030000500026z,0.5,0.3285762565717512,38.0,18.0,1.733905676905229,0.8919917137391353
486,01_02_A0102134030000500034z,0.5,0.3538061442848883,39.0,16.0,1.7332706447303048,0.7916532092426758
487,01_02_A0102134030001500026z,0.5,0.3970908265788585,45.0,18.0,1.7329081970302471,0.8536491058426477
488,01_02_a0102134030001500033A,0.6666666666666666,0.3635390572472727,32.0,10.0,1.4151188799692838,0.8596457329120658
489,01_02_A0102134030001600034z,0.6666666666666666,0.3415176918825217,34.0,13.0,1.4149719506871372,0.7145226344323973
490,01_02_A0102134030001800026z,0.6666666666666666,0.5290626294752748,37.0,18.0,1.4154922163257326,0.902949816517532
491,01_02_A0102134030001800035z,0.6666666666666666,0.3992089731494134,32.0,17.0,1.41565918431543,0.8634071307820304
492,01_02_A0102134030002600031z,0.8333333333333334,0.2653899120631536,32.0,14.0,1.0007482470660172,0.7695521485435838
493,01_02_A0102134030002600033z,0.6666666666666666,0.2845353754678349,44.0,17.0,1.4145507768070564,0.719752942826998
494,01_02_A0102134030002600043z,0.6666666666666666,0.21879218241805964,36.0,19.0,1.0009952118532908,0.7025098098058874
495,01_02_a0102134030002900031z,0.5,0.4910357996410761,34.0,18.0,1.4157168485685423,0.7404295451511403
496,01_02_A0102134030004100023z,0.5,0.09899133579428744,52.0,26.0,1.7352045588992329,0.931991356440044
497,01_02_A0102134030004100035z,0.5,0.4613361857394719,52.0,25.0,1.4153622611611465,1.0139460604457855
498,01_02_A0102134030004100038z,0.5,0.4504751234414162,40.0,18.0,1.4171732147836662,0.8974911992171603
499,01_02_A0102134030004500025A,0.6666666666666666,0.3414222433560957,33.0,15.0,1.4156069708394632,0.8711917419144536
500,01_02_A0102134030004500025C,0.6666666666666666,0.3264629294022888,33.0,16.0,1.4151453589406524,0.8613243860746579
501,01_02_a0102134030005200027z,0.6666666666666666,0.4034400329280649,34.0,17.0,1.4164095084329598,0.8952715313855968
502,01_02_a0102134030006100031z,0.6666666666666666,0.3609521414975753,31.0,16.0,1.4155925972082006,0.8698057343345206
503,01_02_A0102134030007000032A,0.8333333333333334,0.3837522574427587,32.0,13.0,1.0006492784492,0.7329819808086674
504,01_02_A0102134030007000032B,0.6666666666666666,0.3319591420928207,37.0,16.0,1.4150514029003307,0.6398874097021962
505,01_02_A0102134030007000044z,0.5,0.15144843558631693,38.0,22.0,1.4152893400079087,0.6356917441805375
506,01_02_a0102134030007100032z,0.6666666666666666,0.3375059669939989,40.0,20.0,1.4153423037177864,0.7909556037133618
507,01_02_A0102134030007700032z,0.5,0.2167187662838086,42.0,16.0,1.4146730741711246,0.7833404551180901
508,01_02_A0102134030007800031z,0.6666666666666666,0.2662991870699131,32.0,15.0,1.4145368375233982,0.719446884972852
509,01_02_A0102134030008000031A,0.6666666666666666,0.3433569197442928,36.0,17.0,1.4150901694890794,0.7045453492935952
510,01_02_a0102134030008300031N,0.6666666666666666,0.09696200554125067,32.0,15.0,1.4150892983287289,0.628818655302473
511,01_02_a0102134030008800026A,0.6666666666666666,0.4021637040550511,39.0,19.0,1.41454526446301,0.7389308984072555
512,01_02_a0102134030008800032A,0.6666666666666666,0.3933583358627361,39.0,19.0,1.4145967564567017,0.7256428915723037
513,01_02_a0102134030009300032z,0.6666666666666666,0.5214224555979875,35.0,14.0,1.4152793291138848,0.7271400168680809
514,01_02_a0102134030009300034z,0.6666666666666666,0.41911374735597856,35.0,16.0,1.414779102149733,0.6829106909365429
515,01_02_a0102134030010600030B,0.8333333333333334,0.31097366023071393,30.0,12.0,1.0026332758730805,0.9505749218259048
516,01_02_a0102134030010600044z,0.5,0.2495178477558797,38.0,20.0,1.0005135274385837,0.736440608077129
517,01_02_a0102134050001000033B,0.6666666666666666,0.3787409640207505,41.0,17.0,1.4149245962628938,0.8714445869105881
518,01_02_A0102134050001100025z,0.5,0.3958398809664999,40.0,15.0,1.73287525679164,0.8773756798948985
519,01_02_A0102134050001100035z,0.6666666666666666,0.2313690414927925,31.0,15.0,1.4147676362425288,0.7097260196802204
520,01_02_A0102134050002400023z,0.5,0.39220491388044587,38.0,17.0,1.7329517314880325,0.8092050219576639
521,01_02_A0102134050002400028z,0.5,0.4063666202296522,33.0,18.0,1.73319189495096,0.8323040566696549
522,01_02_A0102134050002400033z,0.6666666666666666,0.35845025328005264,28.0,15.0,1.4152929456057863,0.7663674728121913
523,01_02_A0102134050002400045z,0.5,0.2808569197442928,38.0,13.0,1.4147419246609885,0.6011728973941796
524,01_02_A0102134050002900031z,0.6666666666666666,0.3357444375700828,38.0,14.0,1.4174263760035684,0.869266668159606
525,01_02_A0102134050003000032z,0.8333333333333334,0.17311281276278415,30.0,14.0,1.001353519960499,0.6488892627479185
526,01_02_A0102134050003700025z,1.0,0.2950666584778832,30.0,10.0,0.04357302483477663,0.7730054680239276
527,01_02_A0102134050003700033z,0.8333333333333334,0.3137869516388587,38.0,12.0,0.06752929824879958,0.8357729901723889
528,01_02_A0102134050004400031z,0.8333333333333334,0.3730367336425904,30.0,14.0,1.0016770184249235,0.8310893429903297
529,01_02_a0102134050005300024z,0.6666666666666666,0.46085207211942,35.0,17.0,1.4155038588666404,0.9208564076853052
530,01_02_a0102134050005300033z,0.6666666666666666,0.4701710781830463,38.0,12.0,1.414891805586269,0.7039715695167292
531,01_02_a0102134050005400034B,0.6666666666666666,0.4925564809062829,36.0,16.0,1.4149465100429643,0.7753104519824
532,01_02_A0102134060000300026z,0.5,0.4831395924154685,45.0,18.0,1.7328340602514911,0.9422854731307048
533,01_02_A0102134060000700024z,0.16666666666666666,0.3658306180099429,48.0,29.0,2.0006330816341698,0.8752615723813091
534,01_02_A0102134060000700028z,0.5,0.3563683306839488,38.0,19.0,1.733224620295693,0.8150769785192026
535,01_02_A0102134060000800028z,0.5,0.5951904333940616,39.0,20.0,1.7332335015750238,0.8167998498507316
536,01_02_A0102134060000900023z,0.3333333333333333,0.37535206064995175,67.0,29.0,1.035905572939137,0.7638892826597545
537,01_02_A0102134060000900031z,0.3333333333333333,0.37535206064995175,67.0,29.0,1.022290580356715,0.7532012785108549
538,01_02_A0102134060000900034z,0.5,0.135827106257861,33.0,17.0,1.7351259608840808,0.5965808686920947
539,01_02_A0102134060001200026z,0.5,0.4364820401538407,48.0,18.0,1.7329361344968546,0.9346091407949102
540,01_02_a0102134060001400032z,0.16666666666666666,0.3608494198048813,54.0,29.0,2.0079333894547577,0.9480371222115777
541,01_02_A0102134060001700025z,0.5,0.4138785586208279,48.0,21.0,1.7329416234346122,0.9049421226138822
542,01_02_A0102134060001700033z,0.6666666666666666,0.36395405507921386,34.0,17.0,1.4151528137823604,0.8329938401844598
543,01_02_A0102134060001800023z,0.3333333333333333,0.34544515509274143,45.0,20.0,2.001763426122253,0.9328830774559091
544,01_02_A0102134060001800025i,0.5,0.3460637454610516,44.0,18.0,1.7343082489938793,0.7108292571051957
545,01_02_A0102134060001800031z,0.6666666666666666,0.5026070253880153,35.0,16.0,1.4215837249882814,0.78077477495538
546,01_02_A0102134060001800034z,0.5,0.3336802698431357,39.0,17.0,1.7409175065445892,0.7811364523773091
547,01_02_A0102134060001900016z,0.3333333333333333,0.3110368725915017,45.0,23.0,2.0012937779979514,0.77613969266607
548,01_02_A0102134060001900018z,0.5,0.16640613123974568,42.0,23.0,1.7330416761710754,0.7598844021285156
549,01_02_A0102134060001900022z,0.3333333333333333,0.32826469241764883,45.0,20.0,2.003002397192309,0.8989244658995038
550,01_02_A0102134060001900025s,0.5,0.3433856216708083,44.0,18.0,1.734950380091442,0.7069331844706022
551,01_02_A0102134060002000016z,0.3333333333333333,0.3117013648916972,45.0,23.0,2.0014491424614524,0.7824067592286625
552,01_02_A0102134060002000022z,0.3333333333333333,0.3300045723915405,45.0,20.0,2.003074537143556,0.8933862682508037
553,01_02_A0102134060002000025z,0.3333333333333333,0.3878437398237312,45.0,20.0,2.004803654038696,0.8824210033128813
554,01_02_A0102134060002200026z,0.5,0.3970287822171399,51.0,22.0,1.7336082527624972,0.9286583993611036
555,01_02_A0102134060002200031z,0.6666666666666666,0.3936962014020551,44.0,22.0,1.4163891308218437,0.9196511124287152
556,01_02_a0102134070000100034z,0.6666666666666666,0.5674739157119476,34.0,13.0,1.4182364664807017,0.8154535140103867
557,01_02_a0102134070000200032z,0.5,0.21463468622798126,44.0,19.0,1.7340626771858032,0.7972755852738812
558,01_02_A0102134070000200033A,0.5,0.2668051122931442,37.0,18.0,1.7332346402777412,0.8036930145062108
559,01_02_A0102134070000300018z,0.3333333333333333,0.3106658088105572,50.0,21.0,2.0009906810044047,0.94009679891528
560,01_02_A0102134070000300023z,0.5,0.37097015029531577,39.0,17.0,1.7329921803742772,0.8534116519950159
561,01_02_A0102134070000300027z,0.5,0.3672113474510243,44.0,16.0,1.7327850371021825,0.6505810948099627
562,01_02_A0102134070000300030z,0.5,0.25846360457289,39.0,20.0,1.732443246500183,0.7850818522865071
563,01_02_A0102134070000300045z,0.3333333333333333,0.15625,47.0,22.0,1.414920048095989,0.6645950467798729
564,01_02_A0102134070000500032z,0.5,0.3586890490656668,36.0,18.0,1.7327925898417251,0.7663691374679101
565,01_02_A0102134070000600034z,0.3333333333333333,0.2724032210401891,39.0,24.0,1.732575747172459,0.8328432521119645
566,01_02_A0102134070000900030z,0.5,0.35461290799206896,34.0,20.0,1.7323197279062823,0.7599970009399322
567,01_02_A0102134070001500033a,0.6666666666666666,0.35245685358667656,34.0,13.0,1.4149751685306249,0.8474475035303318
568,01_02_A0102134070001600051z,0.5,0.2561384456264776,36.0,14.0,1.4145576906301744,0.5434602802123212
569,01_02_a0102134080002200034A,0.8333333333333334,0.2561696684086101,32.0,17.0,1.0003414481262516,0.6041924307458459
570,01_02_a0102134080002200034z,0.8333333333333334,0.2404004105476838,30.0,17.0,1.0006105056122512,0.601480445238451
571,01_02_a0102134080002200044A,0.8333333333333334,0.2798848624978945,31.0,18.0,0.04720581695968088,0.6598130842288835
572,01_02_a0102134080002200044z,0.8333333333333334,0.2798848624978945,31.0,18.0,0.0457767903718836,0.6623586129774556
573,01_02_a0102134090002100033A,0.8333333333333334,0.23017068223752835,31.0,13.0,1.0008075639088154,0.6062328704985697
574,01_02_a0102134090002100033C,0.6666666666666666,0.24523790799206904,30.0,12.0,1.4143487471184668,0.6533832332871901
575,01_02_a0102134100000200033A,0.6666666666666666,0.22459431299421206,37.0,16.0,1.4151306613446029,0.5900112388741291
576,01_02_a0102134100000300025A,0.6666666666666666,0.2708772125476201,35.0,9.0,1.4155872373628595,0.6124145548146868
577,01_02_a0102134100000300033C,0.6666666666666666,0.24460384284187475,30.0,12.0,1.4146479954952444,0.6689270951193603
578,01_02_a0102134100000400033C,0.8333333333333334,0.2387320637699375,27.0,12.0,1.00119357670293,0.6929190439628635
579,01_02_a0102134100000500025z,0.6666666666666666,0.2757104564613554,36.0,12.0,1.4149605836889425,0.6829617544940472
580,01_02_a0102134100000500032z,0.8333333333333334,0.23838741644248795,31.0,13.0,1.0004993856435649,0.6059082425136046
581,01_02_a0102134100000600033A,0.6666666666666666,0.2121841118447868,37.0,16.0,1.4151629127071663,0.5958616639205397
582,01_02_a0102134100000600033C,0.6666666666666666,0.2446851620721301,30.0,12.0,1.4145849021134071,0.6593265832014729
583,01_02_a0102134100000700025z,0.6666666666666666,0.28338575984284986,36.0,12.0,1.4156863386751668,0.6889595434580247
584,01_02_a0102134100000700032z,0.8333333333333334,0.23420485760903784,31.0,13.0,1.0006932201533338,0.6032199224101635
585,01_02_a0102134100000800033A,0.8333333333333334,0.23460527203797174,31.0,13.0,1.0007169800269806,0.6025485540902819
586,01_02_a0102134100000800033C,0.6666666666666666,0.24409987116425855,30.0,12.0,1.4143642966925187,0.6561032856216539
587,01_02_a0102134100000900033C,0.6666666666666666,0.29462387566772863,37.0,14.0,1.4144907197545415,0.716545616718455
588,01_02_a0102134100001000033C,0.8333333333333334,0.2422721468713912,27.0,12.0,1.0010213993734225,0.6885803648612717
589,01_02_a0102134100001000042z,0.5,0.31151196969550576,36.0,14.0,1.4149764079052511,0.6971587034395024
590,01_03_A0103142060000200018z,0.3333333333333333,0.08674261229314427,42.0,19.0,2.0003941808592756,0.7460065772533138
591,01_03_A0103142060000200022z,0.3333333333333333,0.4393381374807113,44.0,20.0,2.0011792035375833,0.8753571823161259
592,01_03_A0103142060000200028z,0.6666666666666666,0.3417349555979875,32.0,13.0,1.4179138042150554,0.8245678281339411
593,01_03_a0103142060000200031z,0.6666666666666666,0.28426460625786104,31.0,15.0,1.4162266370703025,0.8554564885456467
594,01_03_A0103142060000400025z,0.6666666666666666,0.4061391242366839,37.0,18.0,1.4150426862724932,0.8833429054569233
595,01_03_A0103142060000400030z,0.6666666666666666,0.4122128257917668,30.0,15.0,1.4159224721456491,0.8013812585276596
596,01_03_A0103142060000400033z,0.6666666666666666,0.4076248784148517,29.0,15.0,1.4150565206315435,0.7876865712378742
597,01_03_A0103142060000500024z,0.5,0.3716940011820331,37.0,15.0,1.7323901901240122,0.8598297804113091
598,01_03_A0103142060000500032z,0.6666666666666666,0.26755151433585544,36.0,16.0,1.4152991347487032,0.7999194734089415
599,01_03_a0103142060000600032z,0.6666666666666666,0.3922021414975753,30.0,13.0,1.4153068983790635,0.8546715871853046
600,01_03_A0103142060000700024z,0.5,0.44652491413896395,30.0,15.0,1.7331145267164472,0.8201620642152193
601,01_03_A0103142060000700034z,0.6666666666666666,0.406582847071266,28.0,15.0,1.4175269885453812,0.8170708845391181
602,01_03_A0103142060000800018z,0.3333333333333333,0.08895151329223594,42.0,19.0,2.0007158773426608,0.7515823513806097
603,01_03_A0103142060000800021z,0.3333333333333333,0.34519043339406164,49.0,20.0,2.0007216675263497,0.8403470250924129
604,01_03_A0103142060000800026z,0.5,0.4650148799729037,40.0,20.0,1.733218812909512,0.8173515402032264
605,01_03_A0103142060001000024N,0.5,0.4365756521992475,32.0,17.0,1.7327586907354504,0.7653008487079268
606,01_03_A0103142060001000033A,0.6666666666666666,0.3727841174611029,28.0,15.0,1.415359174696458,0.7061928175810295
607,01_03_A0103142060001000033B,0.8333333333333334,0.11061281276278416,30.0,15.0,1.0024370343171332,0.7850735119985481
608,01_03_A0103142060001600034A,0.6666666666666666,0.2875941675391981,32.0,16.0,1.4189159142112724,0.8485857513593124
609,01_03_a0103142060001600034B,0.6666666666666666,0.2894145606499517,32.0,16.0,1.4185808823471724,0.8465393192950407
610,01_03_A0103142060001600045A,0.5,0.4723560922698875,39.0,22.0,1.0018319811682128,0.7032343910683733
611,01_03_a0103142060001900024A,0.5,0.4205513691883373,42.0,18.0,1.7322803188716709,0.8078678765097191
612,01_03_a0103142060001900024B,0.5,0.3804948812700419,49.0,21.0,1.7327582893966844,0.8757858365280254
613,01_03_a0103142060001900033z,0.6666666666666666,0.32351068892027474,36.0,17.0,1.4146449414509503,0.7877040941775361
614,01_03_a0103142060001900047z,0.5,0.0927157210401891,36.0,13.0,1.4147963604623437,0.6697426857317869
615,01_03_A0103142070000200026z,0.16666666666666666,0.4118128806547261,50.0,26.0,2.0007625494648082,0.9301970296240591
616,01_03_a0103142070000200032z,0.6666666666666666,0.1427236522568136,34.0,14.0,1.4153091498561796,0.8161324491746879
617,01_03_A0103142072000100025B,0.5,0.3735259177557975,45.0,18.0,1.733116129426502,0.8166824483061662
618,01_03_A0103142072000100033z,0.6666666666666666,0.2890836305448253,32.0,17.0,1.4151210077734009,0.8426209146048519
619,01_03_A0103142072000100044B,0.5,0.18092531276278415,32.0,16.0,1.4147408392341163,0.6447345961521127
620,01_03_A0103142090000100031z,0.6666666666666666,0.4247059520864259,30.0,15.0,1.4148483618198937,0.7881667010554815
621,01_03_a0103142100000700026z,0.5,0.3902744545450951,48.0,21.0,1.7328996021997345,0.9162067303472792
622,01_03_a0103142100000700033z,0.6666666666666666,0.3653291040326973,34.0,16.0,1.4155421577560117,0.8382185505642774
623,01_03_a0103142100000700043z,0.5,0.3128258590444354,39.0,18.0,1.4152326763756595,0.7030023595725309
624,01_03_a0103142100000900024a,0.6666666666666666,0.4035434401975959,36.0,16.0,1.4149316663694025,0.8944532373341724
625,01_03_a0103142100000900033a,0.8333333333333334,0.14383700554125067,37.0,15.0,1.0009972653687866,0.7565446231114971
626,01_03_a0103142100000900033b,0.6666666666666666,0.3736130122365774,34.0,17.0,1.4149340969763056,0.6486570446760042
627,01_03_a0103142100000900033c,0.6666666666666666,0.2946968397870615,35.0,17.0,1.4147969910243812,0.6871267705404147
628,01_03_a0103142100000900033d,0.8333333333333334,0.3556488926624348,30.0,12.0,1.0011939296017809,0.8120754401822277
629,01_03_a0103142100000900043z,0.5,0.12737385862408174,33.0,16.0,1.001364134959748,0.68289056324191
630,01_03_A0103142100001900023z,0.5,0.3226373394317873,48.0,18.0,1.7324618105516083,0.8507230525035825
631,01_03_a0103142100001900024z,0.5,0.30374175141160153,34.0,16.0,1.7327330830204897,0.7678365928682732
632,01_03_a0103142100001900032z,0.6666666666666666,0.3022999451867239,30.0,16.0,1.4153674054735843,0.7411112519989329
633,01_03_a0103142100001900042z,0.5,0.4669668103648079,41.0,16.0,1.4148668227002532,0.6553118280890766
634,01_03_a0103142100002200027z,0.5,0.3818876811004837,39.0,20.0,1.7324364459581227,0.8763881884596155
635,01_03_a0103142100002200034z,0.6666666666666666,0.3420054888723474,34.0,17.0,1.4156936347228448,0.822811594358407
636,01_03_a0103142100002200043z,0.5,0.484639838352262,35.0,19.0,1.4150658750557012,0.6983616447018809
637,01_03_a0103142100002200045z,0.6666666666666666,0.04211290799206902,39.0,19.0,1.0016326920744056,0.7235962926762722
638,01_03_a0103142100003000028z,0.5,0.3407926441171122,44.0,20.0,1.7328680631625444,0.7976156596554121
639,01_03_A0103142100004100024z,0.8333333333333334,0.35403026519834296,26.0,10.0,1.0009347523047996,0.8580036179123914
640,01_03_A0103142100004100031A,0.6666666666666666,0.408992478316724,38.0,13.0,1.415073304244417,0.8683725800355063
641,01_03_A0103142100004100032C,0.8333333333333334,0.07284443653912752,31.0,11.0,1.001536179129023,0.7440585799091686
642,01_03_A0103142100004500023z,0.6666666666666666,0.290423149716991,24.0,7.0,1.001627547841379,0.7854099588942399
643,01_03_a0103142100004800026z,0.8333333333333334,0.18174532630334697,31.0,14.0,1.0007779286226604,0.6532349097525967
644,01_04_a0104157010004300071z,0.3333333333333333,0.3814601927979311,81.0,49.0,1.007714581829032,0.7258423950967446
645,01_04_A0104157010004500051z,0.5,0.4108138932848797,36.0,19.0,1.4150428372860833,0.6756400262814549
646,01_04_A0104157010004500065z,0.3333333333333333,0.29501660403269725,55.0,32.0,1.0064739447788045,0.7100787483642894
647,01_04_A0104157010007900022z,0.6666666666666666,0.42978926690148667,36.0,12.0,1.4151350436097747,0.6750318238786416
648,01_04_A0104157010007900031A,0.6666666666666666,0.3974032210401891,34.0,12.0,1.4146813405514074,0.6680680993878398
649,01_04_A0104157010008100026z,0.6666666666666666,0.26867113505292795,32.0,17.0,1.4147203608491483,0.5951686602271823
650,01_04_A0104157010008100032B,0.6666666666666666,0.30829568223752835,29.0,12.0,1.4143606332097594,0.6511476535059467
651,01_04_A0104157010008100042z,0.6666666666666666,0.20648632543579348,34.0,15.0,1.0003180459674372,0.6238073585380042
652,01_04_a0104157010012700032F,0.6666666666666666,0.1968458575838895,34.0,17.0,1.4153436584238317,0.7669984206614637
653,01_04_a0104157030000800024z,0.5,0.4094697693135087,41.0,18.0,1.732627599010678,0.8662551203276999
654,01_04_A0104157030000800033z,0.8333333333333334,0.3101210859639364,25.0,13.0,1.0007570348439931,0.7096002524821498
655,01_04_A0104157030001200020z,0.3333333333333333,0.3344567924687605,39.0,20.0,2.0010268055461733,0.8651312850109834
656,01_04_A0104157030001200028z,0.5,0.3871946627248543,46.0,18.0,1.7324170839336004,0.8270086138299062
657,01_04_a0104157030001300017A,0.3333333333333333,0.9574545988650242,48.0,20.0,2.003630434771551,1.162070726660967
658,01_04_a0104157030001300017B,0.3333333333333333,0.9635275148905468,48.0,20.0,2.002784512696942,1.1731371581531094
659,01_04_a0104157030001300017D,0.3333333333333333,0.9676848846866832,48.0,20.0,2.003056544748248,1.187176135658694
660,01_04_A0104157030003700024z,0.5,0.35490984542506765,46.0,23.0,1.7325625709006789,0.8741370939737091
661,01_04_A0104157030003700031z,0.8333333333333334,0.4102012176021086,34.0,11.0,1.003744131779258,0.8044257534693969
662,01_04_A0104157030004100022z,0.5,0.3462971757852077,49.0,21.0,1.7333538475056285,0.8873077332259401
663,01_04_A0104157030004200024z,0.5,0.35999809474928457,46.0,23.0,1.7326490078952568,0.8843397351679011
664,01_04_A0104157030004200031z,0.8333333333333334,0.4077438377833403,36.0,11.0,1.0030023840214664,0.8004502504019771
665,01_04_A0104157030004400022z,0.5,0.3892783265788585,41.0,20.0,1.7324735982131982,0.8946942798631468
666,01_04_A0104157030004400031z,0.8333333333333334,0.3069604564613554,32.0,16.0,1.0007007135234762,0.6950994077410708
667,01_04_A0104157030004700022A,0.8333333333333334,0.4064099885561127,20.0,9.0,1.000511165260093,0.6847024751052475
668,01_04_A0104157030004700030z,0.6666666666666666,0.4265788099052855,29.0,12.0,1.4155890401446851,0.6975815399473314
669,01_04_a0104157030006400032z,0.6666666666666666,0.28813815219924754,33.0,16.0,1.006272367281416,0.8276629883149473
670,01_04_A0104157040000700027z,0.16666666666666666,0.5124966341721661,51.0,30.0,2.001969583958298,0.9450924946704656
671,01_04_A0104157040000700035z,0.6666666666666666,0.3716660080965565,34.0,17.0,1.4151450660220375,0.8020228848816405
672,01_04_A0104157040001100033z,0.6666666666666666,0.3165863926624348,37.0,17.0,1.4169356019134134,0.8630281759348367
673,01_04_a0104157040001900028z,0.5,0.2590994516388587,49.0,21.0,1.7329333104650433,0.8421506582914184
674,01_04_A0104157040002300025z,0.5,0.3672935611380287,51.0,22.0,1.7328390454669431,0.8904587453897332
675,01_04_A0104157040002400025z,0.5,0.4975405836775517,33.0,13.0,1.7321452326978048,0.7501659521712689
676,01_04_A0104157040002400032z,0.6666666666666666,0.4858132485127166,32.0,17.0,1.4150456651476082,0.6862251669342351
677,01_04_A0104157040002900025z,0.5,0.4433785889956532,44.0,22.0,1.7345772110944553,0.9577670680566436
678,01_04_A0104157040002900035z,0.6666666666666666,0.3220998546518801,34.0,17.0,1.415719307067029,0.7554241825253731
679,01_04_a0104157040004900032z,0.6666666666666666,0.31327313689852954,36.0,16.0,1.4150295348727238,0.8309868416860742
680,01_04_A0104157040005300032z,0.6666666666666666,0.3605477283268995,31.0,16.0,1.4146243803202567,0.6967342422048841
681,01_04_A0104157040005400028z,0.8333333333333334,0.27341544093164183,34.0,15.0,0.07524783921579012,0.7466036799244729
682,01_04_A0104157040005400033z,0.6666666666666666,0.30267451224898034,34.0,18.0,1.0003800302814856,0.5780807106296835
683,01_04_A0104157040005400047z,0.6666666666666666,0.2203317517918976,63.0,28.0,0.024371042726490398,0.6343190330255828
684,01_04_A0104157040005500033A,0.6666666666666666,0.2255282210401891,39.0,16.0,1.4147732674452842,0.6023586690464339
685,01_04_A0104157040005500049z,0.3333333333333333,0.13416960953832324,38.0,22.0,1.4173519246273985,0.6297811593164685
686,01_04_A0104157040005900028z,0.6666666666666666,0.4558890635816256,37.0,15.0,1.0015599765419174,0.7958768209757479
687,01_04_A0104157040005900031z,0.8333333333333334,0.38056137566772863,26.0,14.0,1.000802864914163,0.698657030136933
688,01_04_A0104157040006200032z,0.8333333333333334,0.363054317073592,24.0,10.0,0.03007375254117337,0.5061033039177552
689,01_04_a0104157040006300035z,0.6666666666666666,0.3337847999875575,33.0,12.0,1.4149433703991918,0.691649097421519
690,01_04_a0104157040006300039z,0.8333333333333334,0.30370256314545224,28.0,11.0,1.0015895857260488,0.6899832374849604
691,01_04_A0104157040006400025A,1.0,0.1073437662838086,21.0,6.0,0.0592754895108175,0.7436425383576569
692,01_04_A0104157040006400030z,1.0,0.4704220118898623,18.0,8.0,0.056818537674324925,0.5463080867214416
693,01_04_A0104157040006400032z,0.8333333333333334,0.5953184669939989,26.0,9.0,1.0017947113380987,0.7852703250082842
694,01_04_a0104157040006700022z,0.5,0.4323538789349259,39.0,20.0,1.7330102467171271,0.8068926261886209
695,01_04_a0104157040006800024z,0.6666666666666666,0.4675022772415979,45.0,19.0,1.4158055892503458,0.9709969444557486
696,01_04_a0104157040006800031z,0.6666666666666666,0.3448972544530769,36.0,17.0,1.4161952282241892,0.7751679984267809
697,01_04_a0104157040006900031B,0.6666666666666666,0.3289163789349259,35.0,12.0,1.4151896944415698,0.6314886561335875
698,01_04_a0104157040007300033z,0.8333333333333334,0.5453599518094199,19.0,17.0,1.0005674050462328,0.6421025995910293
699,01_04_a0104157040007500032z,0.6666666666666666,0.3128098115412645,35.0,18.0,1.4145312701123156,0.6255514746885796
700,01_04_A0104157200000100015z,0.3333333333333333,0.7648563943444263,51.0,24.0,2.0030048974871004,1.1879644690623563
701,01_04_A0104157200000100017z,0.3333333333333333,0.7832166349268891,51.0,24.0,2.0036128007922014,1.208710054266738
702,01_04_A0104157200000100021z,0.5,0.2463062530232115,44.0,19.0,1.7346016606451005,0.8888513855745692
703,01_04_A0104157200000200015z,0.3333333333333333,0.437733704754864,52.0,24.0,2.002769705631654,1.0041604713601535
704,01_04_A0104157200000200018z,0.3333333333333333,0.7466281770640762,49.0,22.0,2.002987729575216,1.1550403516239758
705,01_04_A0104157200000200022z,0.16666666666666666,0.23869431939107774,52.0,31.0,2.002830630434,0.8340992654301422
706,01_04_A0104157200000700024z,0.5,0.4521998738151164,39.0,17.0,1.7327280535703264,0.8150153903076602
707,01_04_A0104157200000700032z,0.6666666666666666,0.33390981930563224,34.0,16.0,1.4152983549750573,0.8394736894648539
708,01_04_A0104157200002300031z,0.8333333333333334,0.29486201224898034,28.0,18.0,1.0007350042333991,0.6444314972322905
709,01_04_A0104157200002600032z,0.8333333333333334,0.062124177760006886,32.0,12.0,1.001362715599985,0.7833204336385422
710,01_04_A0104157200002600033z,0.6666666666666666,0.34301152170387417,38.0,11.0,1.4143170521323312,0.7203159046240778
711,01_04_A0104157210000400023z,0.6666666666666666,0.3713515572472727,30.0,15.0,1.4154531110171085,0.8327919188534916
712,01_04_A0104157220000800035z,0.6666666666666666,0.3637739544760351,39.0,18.0,1.4156182119660288,0.8702456787099351
713,01_04_A0104157220001300025z,0.5,0.41373084416652733,34.0,17.0,1.7321906650716192,0.742895934556906
714,01_04_A0104157220001300032z,0.6666666666666666,0.3847142361589796,34.0,17.0,1.415105060789284,0.7485071451148839
715,01_04_a0104157220002200023z,0.3333333333333333,0.2994912571575706,49.0,22.0,2.000965423438266,0.7082464029515259
716,01_04_a0104157220002600024z,0.5,0.382293330930299,36.0,16.0,1.7321737551749992,0.6824421236631713
717,01_04_a0104157220003300017z,0.3333333333333333,0.5288930008247626,48.0,23.0,2.003032363625145,1.0773942252153048
718,01_04_A0104157220003300022z,0.16666666666666666,0.4912899607779927,51.0,24.0,2.0010636088238485,0.9436765314184892
719,01_04_A0104157220003300025z,0.16666666666666666,0.4863893416838252,51.0,24.0,2.0012121033924,0.9381882147050687
720,01_04_A0104157220004500032z,0.6666666666666666,0.468230830930299,32.0,15.0,1.4153310313562713,0.7131929226873416
721,01_04_a0104157220004800032z,0.6666666666666666,0.4450347999875575,29.0,15.0,1.4167577476765478,0.8978781103741295
722,01_04_A0104157220004900025z,0.5,0.3940577222567341,50.0,21.0,1.7324793923003925,0.7825852436293254
723,01_04_A0104157220004900026z,0.5,0.3837721305529501,50.0,22.0,1.7321204445449099,0.7944147775559067
724,01_04_A0104157220004900035z,0.6666666666666666,0.33190757833866397,34.0,17.0,1.4147274632028972,0.7709677903710346
725,01_04_a0104157220005300024z,0.6666666666666666,0.278460861428958,35.0,17.0,1.4150827469279,0.8550798033197667
726,01_04_a0104157220005300029z,0.6666666666666666,0.2597142361589796,34.0,17.0,1.4150440600788543,0.7341218262797066
727,01_04_A0104157220005300032z,0.6666666666666666,0.2456743106053805,33.0,16.0,1.4153609994101024,0.7839257433825981
728,01_04_a0104157220005400024z,0.6666666666666666,0.27724729724060665,42.0,12.0,1.4145664105923197,0.7090916592235136
729,01_04_A0104157220005400031N,0.8333333333333334,0.2231072045566726,35.0,13.0,1.0015014348262257,0.7225913584109356
730,01_04_A0104157220005400041z,0.5,0.3252650631454522,35.0,17.0,1.4149545462768796,0.6470277901102672
731,01_04_A0104157220005400042z,0.6666666666666666,0.3599324950448729,38.0,16.0,1.0007644528494026,0.6524047355417385
732,01_04_A0104157220006100031A,0.6666666666666666,0.5505005048539363,35.0,16.0,1.4150822942965744,0.7425533456725731
733,01_04_A0104157220006300024z,0.5,0.3438291457309708,49.0,22.0,1.73276977680875,0.8599107330204712
734,01_04_A0104157220006300031A,0.8333333333333334,0.6148085859639364,24.0,15.0,1.0009307488870491,0.7402093248872674
735,01_04_A0104157220006300031B,0.8333333333333334,0.42401075984284986,27.0,8.0,1.0022106121960297,0.6808665809373206
736,01_04_A0104157220006900023z,0.16666666666666666,0.3328328683015037,50.0,29.0,2.000870914672636,0.8055462148727934
737,01_04_A0104157220007200032A,0.6666666666666666,0.3966002231815167,34.0,17.0,1.414787860371881,0.7613314729543519
738,01_04_A0104157220007400028z,0.5,0.5475261045728901,39.0,15.0,1.7329552660654783,0.8309876249923664
739,01_04_a0104157220008600023A,0.6666666666666666,0.5784065105138734,34.0,17.0,1.4149617928695726,0.7786783765636317
740,01_04_a0104157220009100032A,0.6666666666666666,0.09292359243708492,34.0,14.0,1.4147865606774337,0.724034557175369
741,01_04_a0104157220009100042z,0.5,0.19942054945161414,41.0,20.0,1.4149742068185145,0.6701896423998306
742,01_04_a0104157280001400031B,0.6666666666666666,0.28753060957522103,40.0,17.0,1.4154976198746814,0.7910164463938826
743,01_04_A0104157280002200031z,0.6666666666666666,0.5045677728760423,36.0,20.0,1.4151478784269502,0.7512323726375064
744,01_04_A0104157280002300031z,0.5,0.2857069904415195,42.0,24.0,1.732305332428366,0.8298107307093651
745,01_04_A0104157280002300034z,0.5,0.2902426122931442,36.0,18.0,1.4158870471412277,0.8171783459613008
746,01_04_A0104157280002400027z,0.6666666666666666,0.3025965414393021,33.0,12.0,1.416068841015179,0.6394838834837804
747,01_04_A0104157280002400032z,0.6666666666666666,0.28485818223752835,33.0,12.0,1.4175208380287299,0.6492344563727691
748,01_04_A0104157280002500026z,0.6666666666666666,0.3679556597383997,43.0,15.0,1.4146000514381163,0.7680540312541115
749,01_04_A0104157280002500028z,0.6666666666666666,0.3680847175563021,26.0,15.0,1.4151161816754585,0.7708691624255783
750,01_04_A0104157280003400023z,0.6666666666666666,0.4670522390868983,33.0,17.0,1.4145599865962315,0.8111222457553747
751,01_04_A0104157280003400032z,0.6666666666666666,0.2574194197442928,31.0,18.0,1.4155221610385011,0.630214885709839
752,01_04_A0104157280003400033z,0.6666666666666666,0.20079160372811625,28.0,12.0,1.4149803336984619,0.6053643270938546
753,01_04_A0104157280003400039z,0.8333333333333334,0.32078384202519983,19.0,5.0,1.0022547858987645,0.5737019729914431
754,01_04_A0104157280004500032z,0.8333333333333334,0.4066751990621671,24.0,11.0,1.0019309003345367,0.7574573141215062
755,01_04_A0104157280004500042z,0.5,0.3930076166445847,37.0,16.0,1.0011143755915988,0.7798755973174715
756,01_04_a0104157280007400032z,0.6666666666666666,0.3866959841980838,39.0,19.0,1.4146871145168454,0.7751215819476919
757,01_04_a0104157280008400032D,0.6666666666666666,0.15523401729311648,40.0,19.0,1.4149765282678737,0.6398551516817066
758,01_04_a0104157280008500032A,0.6666666666666666,0.4627987288205351,41.0,17.0,1.4155153024796272,0.7151586148883096
759,01_04_a0104157280008500032F,0.6666666666666666,0.2247541584778832,39.0,17.0,1.4145800976275984,0.6397191508016169
760,01_04_a0104157280008700024C,0.6666666666666666,0.34332427367176804,35.0,12.0,1.4143554685163344,0.6997892146179292
761,01_04_a0104157280008800033F,0.6666666666666666,0.2741314941778866,31.0,15.0,1.4143806418915117,0.5929823726490696
762,01_04_a0104157280008900024C,0.6666666666666666,0.35120829004231224,36.0,12.0,1.414328004986272,0.6969885304921969
763,01_04_a0104157280008900033D,0.6666666666666666,0.16928553954136005,34.0,7.0,1.4143022379967518,0.5805777784470206
764,01_04_a0104157280008900033E,0.6666666666666666,0.2880282210401891,29.0,7.0,1.4144711129562022,0.5619055015839889
765,01_04_a0104157280009000032z,0.6666666666666666,0.4647446662837546,36.0,12.0,1.4162025779077634,0.6584733896112028
766,01_05_a0105151010000100044z,0.5,0.4208407210401891,37.0,16.0,1.4144485123449315,0.6286275607737879
767,01_05_a0105151010000600031z,0.5,0.15064211625659002,39.0,13.0,1.7324798206099534,0.6555060259617851
768,01_05_A0105151010001600019z,0.16666666666666666,0.4457053287685264,48.0,26.0,2.003515411708308,0.8316610518645017
769,01_05_A0105151010001600025z,0.16666666666666666,0.4840725394160846,50.0,28.0,2.00203585415757,0.9081832062605174
770,01_05_a0105151010006200024z,0.6666666666666666,0.346217765198343,32.0,13.0,1.4151515234197685,0.8525961050337326
771,01_05_a0105151010006200031A,0.8333333333333334,0.3847658966068698,38.0,14.0,1.0010159823689586,0.8247565342153009
772,01_05_a0105151010006200031B,0.8333333333333334,0.1809341118447868,36.0,15.0,1.0007009701910932,0.8089130700397974
773,01_05_a0105151010006200041z,0.5,0.4606560315326945,39.0,20.0,1.0005518782728064,0.6974073315712394
774,01_05_a0105151010006400023z,0.6666666666666666,0.4461538734410242,34.0,17.0,1.4151855515559746,0.7970350015031821
775,01_05_a0105151050000100031z,0.3333333333333333,0.4197716420928207,35.0,18.0,1.7321660467497997,0.774238933402707
776,01_05_a0105151050000700032z,0.6666666666666666,0.32447655724727265,36.0,16.0,1.4151477880168095,0.8509538805504617
777,01_05_a0105151050001400020z,0.3333333333333333,0.7181921581067304,56.0,27.0,2.005428389459194,1.1735473998463926
778,01_05_a0105151050001400031z,0.6666666666666666,0.4351860646740966,44.0,21.0,1.4164899756279468,0.9351981872078204
779,01_05_a0105151050002000032z,0.6666666666666666,0.4906896221390902,36.0,17.0,1.4149005877763463,0.7483641685660993
780,01_05_A0105151050002000033z,0.6666666666666666,0.3106627231815167,32.0,17.0,1.4147155431542469,0.7517942809407657
781,01_05_A0105151050002000038z,0.5,0.17539652969622554,36.0,20.0,1.414703611700551,0.6454081190090697
782,01_05_A0105151050002000042z,0.5,0.20081930776395784,36.0,20.0,1.4147243538301375,0.6648671896564716
783,01_05_a0105151050003100032z,0.6666666666666666,0.3897847108821755,34.0,17.0,1.4152640027081005,0.7595830075375348
784,01_05_A0105151050004000024z,0.6666666666666666,0.35009873820745985,43.0,22.0,1.4169745467895611,0.9628906179195664
785,01_05_A0105151050004000033z,0.6666666666666666,0.3086600078227847,38.0,18.0,1.415151449302755,0.8480912254847446
786,01_05_A0105151050004900023z,0.5,0.23880180377370666,39.0,17.0,1.7322101155843947,0.7824660221994817
787,01_05_A0105151050004900032A,0.6666666666666666,0.199818629317594,32.0,12.0,1.4160189370993097,0.6747482725283884
788,01_05_A0105151050006500032A,0.6666666666666666,0.3322040297150979,40.0,17.0,1.416279407140455,0.8982098319295303
789,01_05_A0105151050006800022A,0.5,0.3521358645055336,34.0,13.0,1.7324056394227438,0.8509376588280505
790,01_05_A0105151050006800031z,0.6666666666666666,0.2091504105476838,33.0,12.0,1.4146200406244105,0.6188860302079583
791,01_05_A0105151050006800040z,0.6666666666666666,0.05213463204721491,32.0,14.0,1.0003811630389008,0.6076136486610644
792,01_05_a0105151050008900031A,0.6666666666666666,0.18080614379593024,36.0,15.0,1.000562913012392,0.664290627709476
793,01_05_a0105151050008900031B,0.8333333333333334,0.29316519817986664,36.0,11.0,1.0014907980613013,0.8422835067059723
794,01_05_a0105151050008900031C,0.6666666666666666,0.3225076051738008,36.0,13.0,1.4154932976797705,0.6970268141147989
795,01_05_A0105151054000100025z,0.3333333333333333,0.44978681305792745,46.0,22.0,2.0004540827495862,0.7737406851683087
796,01_05_a0105151069000100034z,0.6666666666666666,0.4869179348630833,34.0,17.0,1.4150398639466333,0.7983256418950879
797,01_05_A0105151080000100033A,0.6666666666666666,0.017958032156741854,35.0,17.0,1.4145024997937354,0.677834919248195
798,01_05_a0105151080000400031z,0.6666666666666666,0.2839867043329453,34.0,17.0,1.4153054001554892,0.8505146002626655
799,01_05_a0105151080000400036z,0.6666666666666666,0.3109471182564632,35.0,18.0,1.0005521160957718,0.6412333316996414
800,01_05_A0105151080001700042z,0.6666666666666666,0.1470505122365774,34.0,15.0,1.000799355583569,0.6735062219840671
801,01_05_a0105151080001800032D,0.8333333333333334,0.21550964354549693,27.0,11.0,1.0015452712923787,0.6189177273412154
802,01_05_a0105151080003200032A,0.6666666666666666,0.4707269630102105,33.0,12.0,1.4149003324930152,0.6608172441462559
803,01_06_a0106143190000300033z,0.5,0.4803083339426287,39.0,19.0,1.7336260894722384,0.940000377880738
804,01_06_a0106143190001200028z,0.5,0.3574228492962024,49.0,19.0,1.7326876846831205,0.8555711177618763
805,01_06_a0106143190001200036z,0.6666666666666666,0.2469382111848748,30.0,13.0,1.414919209090969,0.7609667749806216
806,01_06_a0106143190001300033B,0.6666666666666666,0.4957478335667284,32.0,17.0,1.4153054494276982,0.750963331581465
807,01_06_a0106143190002900025z,0.5,0.42124878244413133,45.0,18.0,1.73301675472687,0.8810606279590771
808,01_06_a0106143190002900033z,0.6666666666666666,0.374052002840408,28.0,13.0,1.4149179475854452,0.8378249636863914
809,01_06_A0106143190003600023z,0.5,0.2936302728760422,37.0,19.0,1.7324963457303062,0.7085044784680803
810,01_06_a0106143190003600033z,0.6666666666666666,0.3693190707133917,34.0,13.0,1.4148698607202208,0.7970468458880456
811,01_06_a0106143200000200033N,0.6666666666666666,0.2902426122931442,34.0,13.0,1.4186368140348762,0.7560069110887971
812,01_06_a0106143200000200033S,0.6666666666666666,0.2305967789598109,34.0,16.0,1.417434007684096,0.600770324680067
813,01_06_a0106143200000200033T1,0.6666666666666666,0.2528224260987755,36.0,19.0,1.4156251411770568,0.8056400525162506
814,01_06_A0106143200000400036z,0.6666666666666666,0.28155753477376444,32.0,16.0,1.4168550115864778,0.7255359405721002
815,01_06_A0106143200000500027z,0.5,0.3908021081134159,45.0,19.0,1.7348998743871529,0.9359126624861912
816,01_06_A0106143200000500034z,0.6666666666666666,0.24832506044793398,30.0,17.0,1.4148780629564732,0.7478795553584799
817,01_06_A0106143210002300033A,0.6666666666666666,0.2933001344170381,34.0,17.0,1.4150241699003434,0.8271060419965014
818,01_06_A0106143300000200033z,0.6666666666666666,0.4083033006989414,40.0,14.0,1.4168829586123444,0.8040451529471374
819,01_06_a0106143300000300025z,0.5,0.480952663839536,48.0,21.0,1.7334151868009653,0.9575596562801773
820,01_06_a0106143300000300034z,0.6666666666666666,0.27984695305451845,40.0,18.0,1.4157483495636767,0.7260159424933322
821,01_06_A0106143300000600052A,0.3333333333333333,0.14658683960671115,56.0,26.0,1.00437765248666,0.7506714961962001
822,01_07_A0107152050000100023z,0.5,0.410640163839536,42.0,17.0,1.735261103514169,0.9486636194697684
823,01_07_A0107152050000100024z,0.5,0.3935395755699804,42.0,17.0,1.7348660307264527,0.9402364727725192
824,01_07_A0107152050000100029z,0.5,0.2935639979799838,43.0,15.0,1.732895463357935,0.8258017971861765
825,01_07_A0107152050000100034z,0.6666666666666666,0.2762969214099533,39.0,12.0,1.4155496720945258,0.8005722672002933
826,01_07_A0107152050000400024z,0.5,0.4668149523915453,46.0,18.0,1.7336056220011553,0.9526101891161106
827,01_07_A0107152050000400028z,0.5,0.4142801413291489,44.0,15.0,1.7334187962788208,0.8872927466419261
828,01_07_A0107152050000400031z,0.5,0.31466351937279025,44.0,15.0,1.7329465240235526,0.8352754248766435
829,01_07_A0107152050000500021z,0.5,0.4640785205328446,49.0,20.0,1.7342099275884046,0.9534664931909216
830,01_07_A0107152050000500034z,0.3333333333333333,0.3480533392434988,44.0,17.0,1.7334270985582347,0.8231758998496606
831,01_07_A0107152050000600023z,0.5,0.4175130160732129,40.0,17.0,1.7343561238100462,0.9501171718548874
832,01_07_A0107152050000600025z,0.3333333333333333,0.3084931856876396,45.0,19.0,1.7334648996302089,0.7976866947621156
833,01_07_A0107152050000600030z,0.5,0.27627293169756306,45.0,15.0,1.7326033499830342,0.7869551124979238
834,01_07_A0107152050000600034z,0.3333333333333333,0.25966461642537564,40.0,18.0,2.0007302989341778,0.7225398606911814
835,01_07_A0107152050000700027z,0.5,0.09417865880477216,35.0,18.0,1.7330208839966927,0.6482544486763347
836,01_07_A0107152050000700029z,0.5,0.3480533392434988,47.0,18.0,1.7373651854536318,0.7662306691673029
837,01_07_a0107152050000700032z,0.5,0.3270729249126265,38.0,16.0,1.7353386372532034,0.7530586085537088
838,01_07_A0107152050000700033A,0.6666666666666666,0.18970019556248208,41.0,16.0,1.4157966637939512,0.7714539967963949
839,01_07_A0107152050000700033B,0.5,0.05070382856816602,48.0,18.0,1.7347213791586509,0.653039434970067
840,01_07_A0107152050000800024z,0.5,0.481518111006143,40.0,18.0,1.7352173739693943,0.8817185962216474
841,01_07_A0107152050000800033z,0.6666666666666666,0.231032102196506,32.0,15.0,1.4150759520994953,0.7522399478091442
842,01_07_A0107152050000800043z,0.5,0.43816960735109395,42.0,15.0,1.4147782550282753,0.6465433101101212
843,01_07_a0107152050000900020z,0.16666666666666666,0.4992816648913698,50.0,28.0,2.002850856917071,0.9170948214136638
844,01_07_a0107152050000900022z,0.5,0.3799802535360821,45.0,18.0,1.7328225881731285,0.8124429479682438
845,01_07_a0107152050000900032z,0.6666666666666666,0.3574144067225157,31.0,18.0,1.4150056691802526,0.7051296842532258
846,01_07_a0107152050001000024A,0.3333333333333333,0.4131373738151164,44.0,23.0,2.001157492783921,0.8428356903525134
847,01_07_a0107152050001300021z,0.5,0.41253060957522103,35.0,17.0,1.7323081465752512,0.7497273496157889
848,01_07_a0107152050001300032z,0.6666666666666666,0.5376570007378133,34.0,15.0,1.4153964212145564,0.6837031871230703
849,01_07_a0107152050001500034z,0.6666666666666666,0.3780432075312393,39.0,16.0,1.4160659334217551,0.8210813272913038
850,01_07_A0107152050001600018z,0.6666666666666666,0.5124061418941739,40.0,14.0,1.4191449361785795,1.0121246636221373
851,01_07_A0107152050001600019z,0.5,0.569224865379564,48.0,19.0,1.737194457918131,0.9620912533236592
852,01_07_a0107152050001700028z,0.16666666666666666,0.4334770465435448,52.0,26.0,2.0023058630613546,0.7527336983772731
853,01_07_A0107152050001800025z,0.5,0.2625752112121793,33.0,14.0,1.7361345934808978,0.7529632560211671
854,01_07_A0107152050001800031z,0.5,0.30736708613654884,37.0,19.0,1.733214537355238,0.7699830188233486
855,01_07_A0107152050001900021z,0.6666666666666666,0.37389422120403537,40.0,16.0,1.4165169426166604,0.8615130033469426
856,01_07_A0107152050001900027z,0.5,0.2390722390988799,36.0,16.0,1.7329811231555865,0.7168902165339978
857,01_07_A0107152050001900028z,0.5,0.3431856816000749,41.0,20.0,1.7333831847947037,0.9096004740549051
858,01_07_A0107152050001900031z,0.5,0.21115918153065236,37.0,17.0,1.7336440472018797,0.7618782296992574
859,01_07_a0107152050002000028z,0.5,0.4036523809664999,44.0,15.0,1.7332057905569795,0.8928953528025996
860,01_07_A0107152050002000033z,0.6666666666666666,0.2683522951142632,32.0,17.0,1.4151133441015034,0.7003313233785776
861,01_07_a0107152050002200025z,0.3333333333333333,0.4580180702281241,50.0,22.0,2.0006759911963217,0.7695247962952437
862,01_07_a0107152050002200036A,0.6666666666666666,0.3338689420803782,44.0,19.0,1.4146192460929077,0.7555079062876923
863,01_07_A0107152050002400027z,0.3333333333333333,0.5122868130579274,49.0,22.0,2.0006359134827525,0.7796363404818037
864,01_07_A0107152050002400036z,0.6666666666666666,0.5775756348332926,44.0,19.0,1.4152236810269183,0.7674713287605399
865,01_07_A0107152050002600022z,0.5,0.4490141995604755,42.0,17.0,1.7378180266998524,0.7567747528122071
866,01_07_a0107152050002900026z,0.3333333333333333,0.5138741382661398,49.0,22.0,2.0005883060817937,0.7716208380947157
867,01_07_a0107152050002900034z,0.6666666666666666,0.5775756348332926,44.0,19.0,1.4149475463993024,0.7627975063669106
868,01_07_a0107152050003200033z,0.6666666666666666,0.4197716420928207,40.0,17.0,1.415053895490225,0.7898730417700699
869,01_07_A0107152050003300034z,0.6666666666666666,0.3930528730123469,38.0,17.0,1.4171762451881758,0.7242885472927818
870,01_07_A0107152050003400026z,0.5,0.42761386405571017,35.0,17.0,1.732388159623122,0.7449713936922226
871,01_07_A0107152050003400035z,0.8333333333333334,0.5308566578472844,30.0,14.0,1.0007545903091954,0.6731638319028511
872,01_07_A0107152050003500027z,0.5,0.4129184435226247,44.0,19.0,1.7343054751953442,0.7759380387040509
873,01_07_A0107152050004200034z,0.6666666666666666,0.17020006044793398,39.0,12.0,1.416383241778445,0.7247906042315087
874,01_07_A0107152050004300024z,0.5,0.5175517756440435,39.0,16.0,1.7322905257272505,0.8160378299722023
875,01_07_A0107152050004300032z,0.6666666666666666,0.4633544573039254,34.0,17.0,1.414945901946056,0.7839832481384273
876,01_07_A0107152050004300038z,0.5,0.4057136606006287,41.0,14.0,1.415159968973163,0.6976477431834898
877,01_07_A0107152050004600014z,0.3333333333333333,0.6640793370993457,46.0,22.0,2.00053672363389,1.082686331432804
878,01_07_A0107152050004800024z,0.5,0.596254867195105,49.0,21.0,1.7342027528898043,0.9969453044455048
879,01_07_A0107152050004800030z,0.6666666666666666,0.3257972433560957,45.0,19.0,1.4149519040191847,0.8541356160905642
880,01_07_a0107152050005000034A,0.6666666666666666,0.31110890582548256,34.0,16.0,1.4158856832321125,0.8384710141240647
881,01_07_A0107152050005700033z,0.6666666666666666,0.09451991493997124,33.0,16.0,1.000656864679947,0.5230288718197607
882,01_07_A0107152050006000022z,0.5,0.4203745814220507,48.0,21.0,1.7324194606599703,0.7950872680380147
883,01_07_A0107152050006000030z,0.6666666666666666,0.5785461546590328,34.0,17.0,1.4151087128065691,0.7839420023041553
884,01_07_A0107152050006000040A,0.6666666666666666,0.2394249479024916,38.0,18.0,1.000869034696842,0.6961065673014863
885,01_07_A0107152050006000040B,0.8333333333333334,0.3838592029814984,31.0,11.0,1.000151251116409,0.6481356550492308
886,01_07_A0107152050006100035zj,0.6666666666666666,0.15843051989076384,34.0,17.0,1.4178634205196057,0.5889078065034656
887,01_07_a0107152050006100038z,0.6666666666666666,0.2972788755015976,32.0,17.0,1.417941514979673,0.6845160723531514
888,01_07_A0107152050006400032B,0.8333333333333334,0.4645456822375284,27.0,14.0,1.0019001777054273,0.6650634879578782
889,01_07_A0107152050006900020z,0.3333333333333333,0.3368508424273031,49.0,23.0,2.0012491487277257,0.8787788274988698
890,01_07_A0107152050006900032A,0.6666666666666666,0.4917659661382283,32.0,17.0,1.4154678468429622,0.8139151095489447
891,01_07_A0107152050006900032B,0.8333333333333334,0.374744141345132,35.0,11.0,1.001323639498145,0.7588629694979674
892,01_07_A0107152050007400023z,0.5,0.4280844308902962,39.0,16.0,1.7322699742893486,0.8193002365946725
893,01_07_A0107152050007400031z,0.6666666666666666,0.4918558441665274,34.0,17.0,1.4150985294313876,0.7963809052369785
894,01_07_a0107152050008700020A,0.3333333333333333,0.5861037234042553,46.0,25.0,2.002295038984561,1.0114843428930556
895,01_07_a0107152050008700020B,0.5,0.4462915669456766,48.0,21.0,1.7332011299617474,0.9223562766231128
896,01_07_a0107152050008700023z,0.6666666666666666,0.3736342005899049,37.0,14.0,1.4147824490694625,0.8889609674993846
897,01_07_a0107152050010300031z,0.8333333333333334,0.2894663755015976,28.0,12.0,1.0010728466786627,0.8030761746586619
898,01_07_a0107152050012200030B,0.6666666666666666,0.2811944298313979,40.0,18.0,1.4182759424419158,0.7848970678574988
899,01_07_A0107152070000100034z,0.6666666666666666,0.3865321360290033,33.0,15.0,1.4148865250974576,0.7688106934865482
900,01_07_A0107152070000700023A,0.3333333333333333,0.3319946249128135,41.0,19.0,2.0001906156859874,0.6883654164769388
901,01_07_A0107152070000700023B,0.3333333333333333,0.2414595935892087,44.0,21.0,2.0002529230174844,0.8441704482598545
902,01_07_A0107152070000700024A,0.5,0.35662725599161305,42.0,17.0,1.732948699973169,0.8609176830814785
903,01_07_A0107152070000700024B,0.5,0.24889422120403534,50.0,21.0,1.7333716213590715,0.8719196334055045
904,01_07_A0107152070000700032z,0.6666666666666666,0.2893739984451108,36.0,17.0,1.414765374116577,0.7304099678249983
905,01_07_A0107152070000700049z,0.5,0.23463983835226201,41.0,14.0,1.4148369931215283,0.7200109138118241
906,01_07_a0107152070000800023a,0.3333333333333333,0.3384598741979061,35.0,17.0,2.000757256677106,0.6111145706899519
907,01_07_a0107152070000800023b,0.3333333333333333,0.376279057027696,35.0,17.0,2.0003304461670357,0.6063738394284669
908,01_07_a0107152070000800024a,0.5,0.5058354153234472,41.0,20.0,1.733181152908967,0.9169406395895332
909,01_07_a0107152070000800024b,0.5,0.3745521648119009,49.0,18.0,1.7331892427567102,0.8660359224327283
910,01_07_a0107152070000800032z,0.6666666666666666,0.4804459841980838,32.0,15.0,1.415558720580147,0.7042254351220361
911,01_07_A0107152070000900038z,0.6666666666666666,0.3754477175273085,43.0,22.0,1.414562521408108,0.7905893549140098
912,01_07_A0107152070001100035z,0.6666666666666666,0.3184097488846229,34.0,11.0,1.4144876593912727,0.5911339979714655
913,01_07_A0107152070001200033z,0.6666666666666666,0.37424536309835466,33.0,15.0,1.4148846212990611,0.7690609991016149
914,01_07_A0107152070001300032z,0.6666666666666666,0.4545249315665049,31.0,14.0,1.4149884557190757,0.6681674768554914
915,01_07_a0107152070001400024z,0.16666666666666666,0.4776240002141663,48.0,28.0,2.0018777705960025,0.8429410426872818
916,01_07_A0107152070001600034z,0.6666666666666666,0.25728650417271925,38.0,15.0,1.4190464943134757,0.5981124119562968
917,01_07_a0107152070002500054z,0.5,0.38316456064995175,39.0,20.0,1.0010561594194851,0.7258225216482441
918,01_07_A0107152080000100025z,0.5,0.3192050360284795,39.0,17.0,1.735230593069866,0.8105408104978178
919,01_07_A0107152080000100029z,0.5,0.26345467517889154,40.0,16.0,1.7324366132523208,0.6042860368188778
920,01_07_A0107152080000100034z,0.5,0.2631224785807923,40.0,16.0,1.7325324989732311,0.6056463303792385
921,01_07_A0107152080000200033z,0.6666666666666666,0.17220085904443538,37.0,18.0,1.4153993558493778,0.6056156319296427
922,01_07_a0107152080000400024C,0.3333333333333333,0.4086663428418748,49.0,22.0,2.001416334366123,0.8096133002283445
923,01_07_A0107152080000400032A,0.6666666666666666,0.17220085904443538,37.0,18.0,1.4153993558493778,0.6056156319296427
924,01_07_a0107152080000700026z,0.3333333333333333,0.4476535971416291,50.0,29.0,1.7340546016810412,0.85243520561133
925,01_07_a0107152080000700032z,0.6666666666666666,0.5182913789349259,38.0,18.0,1.415289879261349,0.6946910265755589
926,01_07_a0107152080000800025z,0.3333333333333333,0.3373684182559664,49.0,28.0,1.735042939390728,0.7296510111440735
927,01_07_A0107152080000800026z,0.5,0.24982985760903784,43.0,19.0,1.7327889440387667,0.6489471946044453
928,01_07_A0107152080000800028z,0.5,0.2468847390988799,40.0,16.0,1.7325365944525066,0.6924992944524054
929,01_07_A0107152080000800034z,0.5,0.2489840172931165,46.0,18.0,1.7324110950949168,0.6776112982187961
930,01_07_A0107152080001000025A,0.5,0.42438586830689,45.0,18.0,1.7329070065313177,0.8211501574604313
931,01_07_A0107152080001000025B,0.5,0.4324032210401891,34.0,14.0,1.7321557994380439,0.7323746367548855
932,01_07_A0107152080001000030z,0.5,0.4714657210401891,35.0,16.0,1.7323096259675992,0.7309111649861735
933,01_07_A0107152080001200025z,0.5,0.5098958072283621,42.0,19.0,1.7329543062346937,0.9616586597426616
934,01_07_A0107152080001200029z,0.5,0.1932974555979875,39.0,18.0,1.7331167486294192,0.8339435567898696
935,01_07_A0107152080001200032z,0.6666666666666666,0.5246669737635006,31.0,14.0,1.4149930743447343,0.7836127994680171
936,01_07_A0107152080001300023z,0.5,0.4195296578217983,42.0,19.0,1.7323912851900538,0.7282684298324668
937,01_07_a0107152080002200025z,0.16666666666666666,0.498783219637777,50.0,29.0,2.0020639830917686,0.8416302856764067
938,01_07_a0107152080002200032z,0.6666666666666666,0.5394836546590328,32.0,15.0,1.4147621628435088,0.7156596689755901
939,01_07_A0107152080002500025z,0.5,0.449307397944366,45.0,19.0,1.7328331259947842,0.8374934820187538
940,01_07_A0107152080002500032z,0.6666666666666666,0.35243195667237304,30.0,13.0,1.4156902866484629,0.7831650216221121
941,01_07_A0107152080002700025z,0.5,0.4331081425961746,48.0,21.0,1.733146675472142,0.9160325759215926
942,01_07_A0107152080002700033z,0.6666666666666666,0.5064888691883372,35.0,17.0,1.4148950908113362,0.7812926303179943
943,01_07_A0107152080002700043z,0.5,0.4199947815497432,46.0,16.0,1.4147057131169902,0.7307743923417581
944,01_07_A0107152080002800025z,0.5,0.4392244291364893,48.0,21.0,1.7329904250165895,0.9222899276960028
945,01_07_A0107152080002800033z,0.6666666666666666,0.4991274705225908,35.0,17.0,1.4155060488564202,0.7787991497897329
946,01_07_A0107152080002800043z,0.5,0.4173392150160927,46.0,16.0,1.4150845787291202,0.7535479178485475
947,01_07_A0107152080003000025z,0.8333333333333334,0.3018769052507154,27.0,16.0,1.0002999036207991,0.6526895363569791
948,01_07_A0107152090000200026z,0.5,0.4392244291364893,49.0,21.0,1.733278226998749,0.926671993918016
949,01_07_A0107152090000600026z,0.5,0.4420300416716753,44.0,18.0,1.7330270143302604,0.8725847422784329
950,01_07_A0107152090000600033SN,0.6666666666666666,0.3398336154717436,30.0,15.0,1.4144034899378866,0.748721439872413
951,01_07_A0107152090000600045N1,0.6666666666666666,0.014140376428660284,37.0,18.0,1.0010298626841228,0.7465661764601729
952,01_07_a0107152090001100033z,0.6666666666666666,0.6577621456521625,30.0,13.0,1.4149091527672777,0.6923950282402644
953,01_07_A0107152090001700035z,0.6666666666666666,0.5695391813742183,39.0,18.0,1.4149655629442752,0.7956246264086404
954,01_07_A0107152090002200026z,0.5,0.4575048011756293,42.0,17.0,1.7351063086401477,0.8126355579613833
955,01_07_A0107152090002200031z,0.3333333333333333,0.4108280420425757,42.0,17.0,1.7341799942539022,0.7639468664698758
956,01_07_a0107152090002400025z,0.5,0.2924873277687274,32.0,13.0,1.7325377064087844,0.7636170502855435
957,01_07_A0107152090002400033z,0.6666666666666666,0.5550689089596521,32.0,16.0,1.4156567512516258,0.7990796259883891
958,01_07_a0107152090002400045z,0.5,0.3691644630102105,37.0,14.0,1.4148169578246592,0.6484682054731713
959,01_07_A0107152090002400054z,0.6666666666666666,0.29308792947691364,31.0,16.0,1.002743534963184,0.6188360960505187
960,01_07_a0107152090002700025z,0.5,0.5011883855837136,38.0,16.0,1.732131600999327,0.8118724725399383
961,01_07_a0107152090002700033A,0.8333333333333334,0.3223885840378472,34.0,16.0,1.0013904873922688,0.8036332077773601
962,01_07_A0107152090002800026z,0.5,0.3124811833485256,51.0,21.0,1.7328352105001004,0.8445111152982002
963,01_07_A0107152090003600034z,0.6666666666666666,0.24319126451845,36.0,19.0,1.4156451586738297,0.8830351455499131
964,01_07_A0107152090003600047z,0.6666666666666666,0.292730358042531,32.0,21.0,1.0020282819066986,0.724712166733522
965,01_07_a0107152090003900024z,0.6666666666666666,0.4015519279367408,35.0,16.0,1.4145580641352775,0.7308727953476755
966,01_07_a0107152090003900034z,0.5,0.42516252955082745,39.0,14.0,1.417911186871322,0.6616373314695728
967,01_07_a0107152090003900045z,0.5,0.432701513292236,34.0,22.0,1.0081102895403689,0.6627915468394965
968,01_07_A0107152090004200025z,0.6666666666666666,0.03453752955082745,36.0,15.0,1.4148683636656592,0.7798847583509511
969,01_07_A0107152099000100025z,0.5,0.4550730102673554,42.0,19.0,1.7333103555048939,0.7151447192409991
970,01_07_A0107152099000100031z,0.6666666666666666,0.4181890980333554,46.0,22.0,1.4148978195233948,0.7973978594914218
971,01_07_A0107152099000100032z,0.6666666666666666,0.477236687069913,33.0,15.0,1.4150516451354795,0.6884338612083559
972,01_07_A0107152100000100025A,0.5,0.3629489461424734,45.0,19.0,1.7324323483445092,0.8878080218698025
973,01_07_A0107152100000100025B,0.5,0.4465740516870837,45.0,18.0,1.7331602816496436,0.9309540985484812
974,01_07_A0107152100000100043z,0.6666666666666666,0.17276298401987306,27.0,13.0,1.0014320042860372,0.6662383444618671
975,01_07_a0107152100000200031z,0.6666666666666666,0.4653437730571742,36.0,17.0,1.4155043469062811,0.7254425565501184
976,01_07_A0107152100000200049z,0.3333333333333333,0.1974503498104907,43.0,22.0,1.4171412121435645,0.6405089356073698
977,01_07_A0107152100000300025z,0.5,0.5141908343344037,48.0,21.0,1.7330501856948841,0.8624743571654874
978,01_07_A0107152100000400024z,0.5,0.4279107804354375,47.0,19.0,1.7347775794050122,0.7575400054488852
979,01_07_a0107152100000400025z,0.5,0.4320484538561537,47.0,19.0,1.7346726171534854,0.7698768237756743
980,01_07_A0107152100000400026z,0.5,0.3593366001610682,35.0,14.0,1.7327911603831931,0.651152710848853
981,01_07_A0107152100000400034z,0.6666666666666666,0.3776663789349259,31.0,14.0,1.4149180360000644,0.6701942167547232
982,01_07_A0107152100001300024z,0.6666666666666666,0.451909456539029,33.0,17.0,1.4144796835614186,0.7946238902489816
983,01_07_A0107152100001300032z,0.6666666666666666,0.6928530836775517,32.0,15.0,1.4161634056931047,0.7288628475608733
984,01_07_A0107152100001600026z,0.6666666666666666,0.4031221752885551,35.0,17.0,1.4144537614477752,0.7629983828152732
985,01_07_A0107152100001600034z,0.6666666666666666,0.39133122736930304,36.0,11.0,1.4144761987752852,0.6264921822856396
986,01_07_A0107152100001800031A,0.6666666666666666,0.361487676543702,33.0,17.0,1.4155696135788356,0.5984807621234425
987,01_07_a0107152100001900033B,0.6666666666666666,0.4574650342270023,41.0,12.0,1.4238106973811957,0.7149823424337481
988,01_07_A0107152100001900033z,0.6666666666666666,0.4528435315326945,37.0,12.0,1.4247492509406527,0.7045194354760079
989,01_07_A0107152100002400025z,0.6666666666666666,0.4608400518753069,36.0,16.0,1.414588122615026,0.8207688722120842
990,01_07_A0107152102000100024z,0.8333333333333334,0.3360000082972085,29.0,16.0,1.0008294665980844,0.7428957237400645
991,01_07_A0107152102000100032A,0.8333333333333334,0.5639475443064084,30.0,16.0,1.0010087938049272,0.7680766231991333
992,01_07_A0107152102000100041z,0.6666666666666666,0.3997573533723435,26.0,13.0,1.0117261544073228,0.6655176988308574
993,01_07_a0107152120000600024z,0.6666666666666666,0.44838406045624746,38.0,19.0,1.4144715684644338,0.6852633558610663
994,01_07_a0107152120000600034z,0.6666666666666666,0.32380319148936165,34.0,18.0,1.4144816331881485,0.6467269736953454
995,01_07_a0107152120000600038z,0.6666666666666666,0.2273676122931443,43.0,16.0,1.4147090110669864,0.6250623561171001
996,01_07_a0107152130000500026C,0.6666666666666666,0.38963696969550576,31.0,10.0,1.4149562625617804,0.6902153852917139
997,01_07_a0107152130000500033C,0.8333333333333334,0.394535421257461,31.0,9.0,1.0001267889925147,0.6434742570340942
998,01_07_a0107152130000700033B,0.8333333333333334,0.464605358042531,25.0,8.0,1.000611508657346,0.6974023771739182
999,01_08_a0108153010000200017S,0.3333333333333333,0.5509848149680828,51.0,23.0,2.001084074289185,0.8186173248863255
1000,01_08_a0108153010000200023z,0.5,0.2435874315665049,45.0,18.0,1.7332695904580369,0.70112806206752
1001,01_08_a0108153010000200028z,0.6666666666666666,0.3625623825308723,34.0,18.0,1.415434857739268,0.6577455254734474
1002,01_08_a0108153010000200031z,0.6666666666666666,0.18795381627828436,38.0,18.0,1.4158972420725642,0.7233479072191513
1003,01_08_a0108153010001700025z,0.5,0.3780432075312393,49.0,21.0,1.7327628647140765,0.8834727526265429
1004,01_08_A0108153010002400032z,0.6666666666666666,0.3575982804354375,32.0,15.0,1.4152285181096718,0.7782684984645114
1005,01_08_a0108153010003300024A,0.5,0.3185679888723474,51.0,21.0,1.7325599863646999,0.8514301181003618
1006,01_08_A0108153010003800033z,0.6666666666666666,0.34436933875077225,39.0,18.0,1.002482341213064,0.6760473659982807
1007,01_08_a0108153010005900033A,0.6666666666666666,0.12738261664458472,38.0,12.0,1.4144053482079582,0.6253616098244269
1008,01_08_A0108153030000200026z,0.16666666666666666,0.3464867043329453,49.0,29.0,2.00147583903647,0.8358864398321276
1009,01_08_A0108153030000200032z,0.6666666666666666,0.35179958508225984,32.0,16.0,1.4155959949352526,0.8137327813008985
1010,01_08_A0108153030000200043z,0.5,0.21147277521626132,41.0,19.0,1.4149131540694653,0.6970604394348121
1011,01_08_A0108153030000300017z,0.3333333333333333,0.8232084810874706,50.0,22.0,2.000580548603511,1.1611974939535756
1012,01_08_A0108153030000300022z,0.3333333333333333,0.3166359580642885,47.0,23.0,2.0014828580176784,0.8287498745066466
1013,01_08_a0108153030000400025z,0.5,0.4351860646740966,48.0,21.0,1.7328015424103749,0.9251384336742255
1014,01_08_a0108153030000400032z,0.6666666666666666,0.31027427223844617,38.0,17.0,1.4151866309310177,0.7808826485399691
1015,01_08_a0108153030000400043z,0.5,0.3301019630102105,40.0,17.0,1.4147245268930924,0.6611045730347808
1016,01_08_A0108153030000500029z,0.5,0.34519043339406164,42.0,21.0,1.7330179785072384,0.8592453660114501
1017,01_08_a0108153030000600017z,0.3333333333333333,0.7274185470206475,49.0,22.0,2.0034832252347696,1.1686816455926101
1018,01_08_a0108153030000600026A,0.5,0.2538710945217706,45.0,19.0,1.73266591767921,0.8682528495407889
1019,01_08_a0108153030000600026B,0.3333333333333333,0.3048739107427566,45.0,22.0,2.0003790495488087,0.7355802536728271
1020,01_08_a0108153030000600026C,0.16666666666666666,0.3716940011820331,49.0,24.0,2.003156110189788,0.8691594898650177
1021,01_08_a0108153030000600032z,0.6666666666666666,0.32185865953677223,37.0,20.0,1.414923582763219,0.7586357344122895
1022,01_08_a0108153030000800033z,0.5,0.2706839001719321,43.0,18.0,1.7326527840795287,0.7946490147214441
1023,01_08_a0108153030001100025z,0.5,0.3804948812700419,48.0,21.0,1.7328108832210365,0.8931080891795863
1024,01_08_a0108153030001100032z,0.6666666666666666,0.44775787842776943,34.0,17.0,1.4174828477965702,0.7808946579367867
1025,01_08_a0108153030001100042z,0.5,0.2856283027395355,42.0,16.0,1.4151607877072971,0.7150179836260946
1026,01_08_A0108153030002300024z,0.5,0.4274378806547261,45.0,18.0,1.733084318734598,0.9053592073847
1027,01_08_A0108153030002300032z,0.6666666666666666,0.3188906752808811,37.0,17.0,1.417077563084845,0.8677556819606044
1028,01_08_A0108153030002400022z,0.3333333333333333,0.34189160403269725,49.0,22.0,2.0008245596818246,0.8240494880677809
1029,01_08_A0108153030002400031a,0.6666666666666666,0.3546992254429914,36.0,17.0,1.415380164272694,0.8330447803623184
1030,01_08_A0108153030002400031a1,0.6666666666666666,0.2287626955624821,34.0,17.0,1.4149527845417342,0.7901882168466726
1031,01_08_a0108153030002500034z,0.5,0.1652473813694495,45.0,23.0,1.4148753760624806,0.7519999375643803
1032,01_08_a0108153030002800031z,0.6666666666666666,0.3363586546590328,34.0,17.0,1.4150808127864272,0.7693040425112658
1033,01_08_a0108153030002900026z,0.3333333333333333,0.4604258425640512,40.0,21.0,2.001094509374004,0.909415341437796
1034,01_08_a0108153030002900032z,0.6666666666666666,0.2746918493823461,28.0,15.0,1.415382151950211,0.8098716805917668
1035,01_08_a0108153030003700031z,0.6666666666666666,0.5113728335667284,34.0,17.0,1.4169381451474654,0.8065261440344937
1036,01_08_a0108153030005400024A,0.6666666666666666,0.3823281692803547,41.0,17.0,1.4151091766499115,0.7383924796174569
1037,01_08_a0108153030005400024C,0.6666666666666666,0.4019474044853792,34.0,17.0,1.4146094059843832,0.7614226256980084
1038,01_08_a0108153030005400034A,0.6666666666666666,0.2212476620721301,30.0,18.0,1.4149342060809451,0.6045711916094506
1039,01_08_a0108153030005400034C,0.6666666666666666,0.22504745180941987,34.0,15.0,1.4146210012353573,0.673717053549214
1040,01_08_a0108153030005400046A,0.5,0.3908114107427566,36.0,17.0,1.414565660469845,0.658144811402104
1041,01_08_a0108153030005400057z,0.5,0.5744151981798666,42.0,23.0,1.0017615687554262,0.6967366890737671
1042,01_08_a0108153034000100041z,0.6666666666666666,0.34282525328005264,25.0,15.0,1.4156217095228194,0.7963317108833091
1043,01_09_A0109139050000100022z,0.3333333333333333,0.3028641093432918,50.0,22.0,2.000697616277197,0.8016938325850302
1044,01_09_A0109139050000200025z,0.5,0.33074066113503753,44.0,20.0,1.7329507649273916,0.8141009866898987
1045,01_09_A0109139050000200033z,0.5,0.4752786817281498,42.0,15.0,1.7327303852269096,0.7152638680820681
1046,01_09_A0109139050000200036z,0.3333333333333333,0.3611271205887218,40.0,20.0,1.7327480632867431,0.6981239437759214
1047,01_09_A0109139050000200045z,0.5,0.2330098624978945,40.0,17.0,1.4148526984077203,0.7961883662588226
1048,01_09_A0109139050000600033z,0.6666666666666666,0.3591819375700828,36.0,13.0,1.415199297838228,0.8674669102076968
1049,01_09_A0109139050000600043z,0.6666666666666666,0.33321134205929737,35.0,11.0,1.0007526270356308,0.6326640521675639
1050,01_09_A0109139050000700027z,0.5,0.4421547057890792,46.0,18.0,1.733053413417048,0.8388926665299109
1051,01_09_A0109139050000700033z,0.6666666666666666,0.4635910006822473,36.0,16.0,1.4148119602296825,0.7307953412624117
1052,01_09_A0109139050000800025z,0.5,0.4078212205405669,51.0,21.0,1.7331004738935756,0.9156151899346664
1053,01_09_A0109139050000800033z,0.6666666666666666,0.2836778730123469,26.0,16.0,1.4154680413781624,0.7497734916018914
1054,01_09_A0109139050000800043z,0.5,0.2004397134149168,41.0,18.0,1.414521335222866,0.6996879204056368
1055,01_09_A0109139050000900033z,0.6666666666666666,0.34051655507921386,32.0,15.0,1.0016300622640644,0.8303716311405009
1056,01_09_A0109139050001100013z,0.3333333333333333,0.4907278864516675,45.0,22.0,2.001373774324001,0.79465623398782
1057,01_09_A0109139050001100021z,0.3333333333333333,0.22182320014844134,45.0,20.0,2.001829256291252,0.7160862294966058
1058,01_09_A0109139050001200024z,0.5,0.42960207211942,47.0,18.0,1.733130300655786,0.9181895636885796
1059,01_09_A0109139050001400049z,0.6666666666666666,0.4037474785807923,38.0,13.0,1.0013836092387989,0.6916016338833979
1060,01_09_A0109139050001900014z,0.3333333333333333,0.7489467283525234,52.0,24.0,2.0048765389692305,1.2093380159986058
1061,01_09_A0109139050001900017z,0.3333333333333333,0.7017480135277122,51.0,24.0,2.0042268844482534,1.1663687593583874
1062,01_09_A0109139050001900021z,0.5,0.3029429888723474,46.0,20.0,1.7348499468129654,0.8857656430325056
1063,01_09_A0109139050002100017z,0.3333333333333333,0.2401062200474242,51.0,24.0,2.0015572935561967,0.8657177256281398
1064,01_09_A0109139050002100021z,0.5,0.34239782397588797,47.0,20.0,1.7338497437940292,0.8819573513242539
1065,01_09_A0109139050002600021z,0.5,0.3812694593721821,45.0,19.0,1.7345258817708162,0.9364061956122152
1066,01_09_A0109139050002900017z,0.3333333333333333,0.5024742299402031,52.0,24.0,2.002239355979181,1.0211511445983976
1067,01_09_A0109139050002900021z,0.5,0.3802148809664999,45.0,19.0,1.7346825003573696,0.929907402311809
1068,01_09_A0109139050003300021z,0.5,0.5549700607467525,43.0,17.0,1.734471974100671,0.9755783296867384
1069,01_09_A0109139050003500017z,0.3333333333333333,0.6352593712107334,52.0,24.0,2.002455001084177,1.1046961717203192
1070,01_09_A0109139050003600031A,0.6666666666666666,0.4325677645646052,34.0,17.0,1.4158934782705574,0.7703380734211144
1071,01_09_a0109139050004000032z,0.6666666666666666,0.4877753108406326,31.0,13.0,1.4152774780662152,0.6421594036482271
1072,01_09_A0109139050004600032z,0.6666666666666666,0.2351801122931443,28.0,15.0,1.4157885130886283,0.7988597811781979
1073,01_09_a0109139050004800023z,0.6666666666666666,0.3474470603102933,37.0,14.0,1.4149802421874156,0.8671773715988763
1074,01_09_a0109139050005200022z,0.6666666666666666,0.3851213257876055,27.0,16.0,1.0008762944951015,0.8327956305076446
1075,01_09_A0109139050005200032A,0.8333333333333334,0.24403961642537564,24.0,10.0,1.0038623993050908,0.7910481031273201
1076,01_09_A0109139050006300032A,0.8333333333333334,0.4552297964525223,32.0,13.0,1.002868327682206,0.7591855619501666
1077,01_09_A0109139050006300032B,1.0,0.0,0.0,0.0,0.0,1.0467283057891834e-16
1078,01_09_a0109139050006800046z,0.6666666666666666,0.2473728348181216,30.0,24.0,1.0016085377254322,0.6478483071216495
1079,01_09_a0109139052000100018z,0.3333333333333333,0.7633288506729584,53.0,24.0,2.0005723126082677,1.1593855809364582
1080,01_09_a0109139052000100025z,0.5,0.395015163839536,49.0,18.0,1.7332886031900194,0.9006741290066189
1081,01_09_A0109139200000100015z,0.3333333333333333,0.8618005460830985,50.0,22.0,2.001137231322476,1.2092799567933616
1082,01_09_A0109139200000100017z,0.3333333333333333,0.8021914442317774,50.0,22.0,2.000971779389476,1.1706216619832048
1083,01_09_A0109139200000200018z,0.16666666666666666,0.3682713821344141,47.0,22.0,2.0018321431563253,0.8899451798747148
1084,01_09_A0109139200000200022z,0.16666666666666666,0.36702210667516666,52.0,28.0,2.001751096410588,0.9011676377409102
1085,01_09_A0109139200000200028z,0.5,0.3264800642624046,39.0,16.0,1.7326735396451145,0.7704134657564145
1086,01_09_A0109139200000200033z,0.5,0.3172094550161489,39.0,16.0,1.7326795212252748,0.7665665423836602
1087,01_09_A0109139200000300013z,0.3333333333333333,0.8189278459054176,51.0,24.0,2.0006091689936345,1.1917403982826915
1088,01_09_A0109139200000300017z,0.3333333333333333,0.7938232433949574,43.0,20.0,2.0030778616814584,1.1847615397905942
1089,01_09_A0109139200000300026z,0.16666666666666666,0.4036523809664999,56.0,30.0,2.0004442779054408,0.8769932576354952
1090,01_09_A0109139200000300029z,0.5,0.2889457209660805,39.0,16.0,1.733740474808914,0.7525273403979332
1091,01_09_A0109139200000300033z,0.5,0.3283757243875395,41.0,16.0,1.7334550497545318,0.7935992657467477
1092,01_09_A0109139200000300035z,0.5,0.2677193802907746,45.0,18.0,1.7328563174623748,0.8445045656305031
1093,01_09_A0109139200000400019z,0.3333333333333333,0.3282387729175148,44.0,19.0,2.0007433785115127,0.9021982361052512
1094,01_09_A0109139200000600023z,0.3333333333333333,0.1350311812921724,41.0,18.0,2.000922312291856,0.7252334289102041
1095,01_09_A0109139200001000019z,0.16666666666666666,0.7660820006346877,45.0,21.0,2.0090069635523604,1.1592339996550778
1096,01_09_A0109139200001100033z,0.8333333333333334,0.549274786974255,32.0,15.0,1.0006603389674078,0.7271028470014963
1097,01_09_A0109139200001100044z,0.5,0.4352011700424064,40.0,20.0,1.0019669483983151,0.7306376303238991
1098,01_09_A0109139200001300042z,0.5,0.2274856386226067,39.0,16.0,1.4150218337196176,0.6067122182557628
1099,01_09_A0109139200001600053z,0.5,0.3303960863476737,28.0,11.0,1.416069671766128,0.5355858832928728
1100,01_09_A0109139200002300037z,0.6666666666666666,0.2437208575838895,38.0,17.0,1.4149645229384251,0.7336247277615764
1101,01_09_A0109139200002500032z,0.6666666666666666,0.24665847972707436,35.0,19.0,1.4154619910135888,0.7697841435961121
1102,01_09_A0109139200002600035z,0.6666666666666666,0.2852225078227847,28.0,18.0,1.4157180681824844,0.8302270540196289
1103,01_09_A0109139200002700043z,0.5,0.2134351620721301,36.0,19.0,1.414681208681145,0.7501339408526894
1104,01_09_A0109139200002800032z,0.6666666666666666,0.4557415574408236,40.0,13.0,1.4150562000682387,0.8017295503755187
1105,01_09_A0109139200003100043z,0.5,0.2753703927573609,42.0,16.0,1.4156600820803584,0.6445925833064028
1106,01_09_A0109139200003200018z,0.3333333333333333,0.8190753031888859,49.0,22.0,2.003797650028724,1.1252858038977236
1107,01_09_A0109139200003200022z,0.3333333333333333,0.4060315457236593,54.0,24.0,2.001089225976405,0.8974583453721544
1108,01_09_A0109139200003200024z,0.5,0.4640390040457215,48.0,21.0,1.7344027161547932,0.9845850576660804
1109,01_09_A0109139200003200025z,0.3333333333333333,0.2831112288205351,43.0,25.0,1.733680292673363,0.7545605187137633
1110,01_09_A0109139200003200028z,0.5,0.1926344562647755,43.0,18.0,1.7326334941860142,0.8089824406626719
1111,01_09_A0109139200003300013z,0.3333333333333333,0.8435357059004501,51.0,24.0,2.000580588773736,1.1983914769924389
1112,01_09_A0109139200003300023z,0.3333333333333333,0.1342547424062861,41.0,18.0,2.0006159415646887,0.7274867738526933
1113,01_09_A0109139200003400013z,0.3333333333333333,0.8435357059004501,51.0,24.0,2.0006041944031883,1.201090632100866
1114,01_09_A0109139200003400023z,0.3333333333333333,0.2364074362079681,44.0,18.0,2.0003129139840534,0.7735246980767784
1115,01_09_A0109139200003500013z,0.3333333333333333,0.8526681259917744,51.0,24.0,2.0006320903410124,1.2022801233331573
1116,01_09_A0109139200003500023z,0.3333333333333333,0.3503828825020452,44.0,20.0,2.0006829506824726,0.8572368629092216
1117,01_09_A0109139200003500029z,0.5,0.30525850402719634,39.0,16.0,1.7326289905713823,0.7476783450598212
1118,01_09_A0109139200003500030z,0.6666666666666666,0.23571565150883056,38.0,16.0,1.4147631244477092,0.7498184609430822
1119,01_09_A0109139200003500033a,0.5,0.2948351874811141,39.0,16.0,1.7326241670100448,0.7584097514708407
1120,01_09_A0109139200003800019z,0.3333333333333333,0.3593961305448253,44.0,19.0,2.000331024305777,0.9039263087667168
1121,01_09_A0109139200004300019z,0.3333333333333333,0.3570303189047145,44.0,19.0,2.000299440765023,0.9043502544058544
1122,01_09_A0109139200004700033z,0.6666666666666666,0.2821499116379436,37.0,18.0,1.415100801806058,0.8302782597308911
1123,01_09_A0109139200004800034z,0.6666666666666666,0.2295352188094349,26.0,18.0,1.414990580637301,0.7916961013525271
1124,01_09_A0109139200005100025z,0.3333333333333333,0.46058289007092207,54.0,24.0,1.7344712990941942,0.9338716351278884
1125,01_09_A0109139200005200025z,0.5,0.5098958072283621,47.0,19.0,1.7332391799543154,0.928960739802868
1126,01_09_A0109139200005200033z,0.6666666666666666,0.34395094562647754,24.0,15.0,1.41528941768477,0.775159310554522
1127,01_09_A0109139200005700025z,0.3333333333333333,0.2732935597022703,36.0,20.0,2.0004793115205346,0.7483883307050949
1128,01_09_A0109139200006200026z,0.5,0.4528773517152288,48.0,21.0,1.732980552716979,0.9461843830611759
1129,01_09_A0109139200006200033z,0.6666666666666666,0.3459635242428297,34.0,16.0,1.4156760581760832,0.8485946032155011
1130,01_09_A0109139200006300036z,0.6666666666666666,0.2747850621678309,30.0,18.0,1.4149008299153725,0.7740163780604253
1131,01_09_A0109139200007000033A,0.6666666666666666,0.2348916254928793,33.0,15.0,1.4152846247352622,0.7344677141872996
1132,01_09_A0109139200007300032A,0.6666666666666666,0.3500043692532646,35.0,17.0,1.4148564308422926,0.764241952800131
1133,01_09_A0109139200007300032B,0.8333333333333334,0.2681205657939364,29.0,16.0,1.0011538312367758,0.6673614829232478
1134,01_09_a0109139200007500033B,0.6666666666666666,0.5203807784514626,35.0,17.0,1.4146478151094668,0.6834662750120393
1135,01_09_a0109139200007500044z,0.5,0.3243704450316965,40.0,20.0,1.0006498016157963,0.6638047334378456
1136,01_09_A0109139200007600033A,0.6666666666666666,0.5493113563235529,35.0,15.0,1.4154909465695935,0.6853527311408514
1137,01_09_A0109139200007600033B,0.8333333333333334,0.05407511619634486,30.0,14.0,1.0014102036427128,0.5333011043569551
1138,01_09_A0109139200008100021z,0.3333333333333333,0.3214128000865715,47.0,22.0,2.0005146316576528,0.857473366165225
1139,01_09_A0109139200008100025A,0.5,0.4430497606111871,48.0,21.0,1.7325851455171044,0.9254910066811032
1140,01_09_A0109139200008200033z,0.6666666666666666,0.2908088042762665,38.0,14.0,1.414896675102281,0.8248329779121889
1141,01_09_A0109139200008500031A,0.6666666666666666,0.2438490599817087,35.0,16.0,1.4156720390596165,0.7965690050663838
1142,01_09_A0109139200008600023z,0.6666666666666666,0.2157583408658972,40.0,14.0,1.415032585122214,0.8357558070011913
1143,01_09_A0109139200008700031A,0.6666666666666666,0.4520174708658161,38.0,17.0,1.4150982697764716,0.8475869243821968
1144,01_09_A0109139200010100032z,0.8333333333333334,0.3829204646421375,30.0,13.0,1.0012885291262943,0.7563581805299381
1145,01_09_a0109139200012300050z,0.5,0.2236198732750564,45.0,18.0,1.417413984597791,0.8780271071274105
1146,01_09_a0109139200013100033C,0.6666666666666666,0.3985709841980838,31.0,20.0,1.0012516914556902,0.727411435955091
1147,01_09_a0109139200013200033A,0.6666666666666666,0.2523160531085003,35.0,18.0,1.4156154654836104,0.6147152474620394
1148,01_09_a0109139200013200033C,0.6666666666666666,0.3946829450316965,31.0,20.0,1.0016661935498616,0.7350874765989729
1149,01_09_A0109139203000100025z,0.5,0.3006745281007044,40.0,18.0,1.7355007278382266,0.8807036409264849
1150,01_09_A0109139203000100043z,0.5,0.2566416919139755,35.0,13.0,1.415489764330223,0.7315000848855391
1151,01_09_A0109139220000100028z,0.6666666666666666,0.3215266063255397,32.0,17.0,1.4153705743368123,0.7972449424390531
1152,01_09_a0109139220000300022z,0.5,0.4262048744933097,40.0,17.0,1.7334759231625316,0.8396282263574253
1153,01_09_A0109139220000400037z,0.6666666666666666,0.2114010423909516,35.0,17.0,1.415678464361208,0.7877792477326914
1154,01_09_A0109139220000400042z,0.5,0.2163845536850856,39.0,21.0,1.4153369105802036,0.7901170889507334
1155,01_09_A0109139220000500015z,0.3333333333333333,0.6291765760077814,53.0,24.0,2.001136168783437,1.0970516558641783
1156,01_09_A0109139220000500017z,0.3333333333333333,0.796814774128893,53.0,24.0,2.003862430222608,1.1842140453704453
1157,01_09_A0109139220000500018z,0.3333333333333333,0.651164982381864,53.0,24.0,2.0008535531844482,1.0951604350287911
1158,01_09_A0109139220000500028z,0.6666666666666666,0.3372486776939881,33.0,13.0,1.4166168471250713,0.7962838825641063
1159,01_09_A0109139220000500031z,0.6666666666666666,0.4699332912213913,31.0,11.0,1.4152389678827368,0.8474298282694026
1160,01_09_A0109139220000800025z,0.5,0.2759924602250177,40.0,15.0,1.7330754872115737,0.7543171213445011
1161,01_09_A0109139220000800032z,0.6666666666666666,0.3140238350955812,32.0,18.0,1.414943875241495,0.8504628975014934
1162,01_09_A0109139220000800042z,0.5,0.25795179089298514,42.0,19.0,1.4142778680276116,0.7970101308077036
1163,01_09_A0109139220000900025z,0.5,0.3533285282711056,40.0,20.0,1.7341596505943448,0.8836050628468264
1164,01_09_A0109139220000900033z,0.6666666666666666,0.4764640195882835,32.0,17.0,1.4159967426938451,0.7803953142299703
1165,01_09_A0109139220000900043z,0.5,0.4618039366036954,43.0,13.0,1.4158886602581413,0.7178339326442972
1166,01_09_A0109139220000900044z,0.5,0.3363463826742921,34.0,17.0,1.416534413398144,0.624217741410798
1167,01_09_A0109139220001000026z,0.5,0.3915467069137014,48.0,18.0,1.732516738611548,0.8205734703563513
1168,01_09_A0109139220001000033z,0.6666666666666666,0.5004366357826402,33.0,15.0,1.4155964149996008,0.7050775697427105
1169,01_09_a0109139220001200032z,0.6666666666666666,0.3138475621678309,32.0,17.0,1.4154827145223936,0.7978706647632569
1170,01_09_A0109139220001300018z,0.16666666666666666,0.2572884905501074,53.0,28.0,2.001594476128052,0.7921452855051379
1171,01_09_A0109139220001300040z,0.3333333333333333,0.3114657210401891,47.0,20.0,1.4151429736147978,0.6582913380427466
1172,01_09_A0109139220001500037z,0.5,0.2549525631454522,43.0,21.0,1.414670112170315,0.7866547360466992
1173,01_09_A0109139220001500042z,0.5,0.3612443401366984,45.0,20.0,1.0013335337524798,0.6697362879399233
1174,01_09_A0109139220001700019z,0.16666666666666666,0.5025877731961221,50.0,28.0,2.002803077260832,0.8331950760319653
1175,01_09_A0109139220001700027z,0.5,0.1785380440200519,42.0,20.0,1.7331687517602974,0.7513888339004128
1176,01_09_A0109139220001700031z,0.6666666666666666,0.2653698652450408,33.0,17.0,1.4156364935373031,0.7881088269704445
1177,01_09_A0109139220002500032z,0.6666666666666666,0.16360665634400706,28.0,17.0,1.4154513506249375,0.8366460354873801
1178,01_09_A0109139220002800027z,0.5,0.430068793885184,50.0,21.0,1.7327396962527777,0.9257074067629862
1179,01_09_A0109139220002800038z,0.6666666666666666,0.3113203825020452,38.0,17.0,1.4152438565359993,0.8302465639362457
1180,01_09_A0109139220003000027z,0.5,0.23924773323531098,41.0,17.0,1.7333319153334867,0.8292730932970164
1181,01_09_A0109139220003000031z,0.6666666666666666,0.25621295208053985,33.0,14.0,1.4147170059714886,0.7212424486982217
1182,01_09_A0109139220003100026z,0.3333333333333333,0.3885388343533969,43.0,20.0,2.0008927896935047,0.8802267000215914
1183,01_09_A0109139220003100027z,0.3333333333333333,0.39725938957928003,45.0,20.0,2.001033960753668,0.8739579440673679
1184,01_09_A0109139220003100039z,0.6666666666666666,0.2724032210401891,43.0,17.0,1.4166209071800329,0.7057419615837934
1185,01_09_A0109139220003200024z,0.5,0.3225260242428297,39.0,19.0,1.7327238687375424,0.8732022595851899
1186,01_09_A0109139220003200036z,0.8333333333333334,0.246868891981924,32.0,12.0,1.001524108090077,0.8057969804163477
1187,01_09_A0109139220003500018z,0.3333333333333333,0.839333697564462,53.0,24.0,2.0008146241359315,1.1960934741232965
1188,01_09_A0109139220003600019z,0.16666666666666666,0.3265619834452991,52.0,26.0,2.0003902846928048,0.9000393992767942
1189,01_09_A0109139220003600028z,0.6666666666666666,0.3408073732750564,33.0,18.0,1.4166999733443966,0.7915450659557546
1190,01_09_A0109139220003600031z,0.6666666666666666,0.3590769146187256,34.0,15.0,1.415199103411184,0.8375578852687989
1191,01_09_A0109139220003800037z,0.6666666666666666,0.3047793471663152,38.0,17.0,1.4163514311170968,0.7952112171245775
1192,01_09_A0109139220004200030z,0.5,0.2154440011820331,39.0,19.0,1.732650710473583,0.8689417510658608
1193,01_09_A0109139220004300036z,0.6666666666666666,0.3790374126645463,32.0,15.0,1.41511267068971,0.7806284750884559
1194,01_09_A0109139220004400018z,0.3333333333333333,0.6516362811243132,50.0,22.0,2.0014643261770813,1.0546921012467156
1195,01_09_A0109139220004500018z,0.3333333333333333,0.4118624495137467,50.0,22.0,2.000803623800345,0.9136698318831966
1196,01_09_A0109139220004700024z,0.5,0.3887880182760503,48.0,21.0,1.7326746659635748,0.8987480652811145
1197,01_09_A0109139220004700032z,0.5,0.4751244688332286,40.0,19.0,1.7326310161645315,0.8529116889248786
1198,01_09_a0109139220004900032B,0.6666666666666666,0.1810414982422616,30.0,15.0,1.4169578915620378,0.6095830107072209
1199,01_09_A0109139220004900042z,0.5,0.2542849973506155,40.0,14.0,1.4150328916241899,0.6281507324081711
1200,01_09_A0109139220005000030z,0.6666666666666666,0.4862270443083952,34.0,17.0,1.4164048312762494,0.7722341018353013
1201,01_09_A0109139220005600025z,0.5,0.3915467069137014,45.0,18.0,1.7329919156243023,0.8845645192348097
1202,01_09_A0109139220005600033z,0.6666666666666666,0.31440706506335314,34.0,17.0,1.4151146961795913,0.8477313982770177
1203,01_09_A0109139220005700023z,0.5,0.3943697381434844,38.0,14.0,1.7323254377263118,0.8625853637507329
1204,01_09_A0109139220005700049z,0.5,0.2707594562647755,28.0,19.0,1.414875577010071,0.6538222428895918
1205,01_09_A0109139220006300033B,0.6666666666666666,0.2984890261249349,34.0,12.0,1.414469920807374,0.6767442515006744
1206,01_09_a0109139220006700031z,0.6666666666666666,0.18512916299538265,29.0,10.0,1.4145077789868696,0.5532744104613389
1207,01_09_a0109139220007100035D,0.6666666666666666,0.2585726561527933,39.0,16.0,1.4158292930805567,0.8504687670898731
1208,01_09_A0109139230000100018z,0.5,0.6213640760077814,43.0,18.0,1.7366044910555087,1.095953094121252
1209,01_09_A0109139230000200021z,0.16666666666666666,0.3394453937355365,51.0,26.0,2.001504847990172,0.8018227010974699
1210,01_09_A0109139230000200026z,0.5,0.3579224831851631,40.0,16.0,1.7325772620060516,0.8092829681537496
1211,01_09_A0109139230000200042z,0.3333333333333333,0.18896828777530209,46.0,15.0,1.4150622693258144,0.6654735829766065
1212,01_09_A0109139230000300021z,0.5,0.4351860646740966,47.0,19.0,1.7328870929371,0.9673056038884782
1213,01_09_A0109139230000600017z,0.3333333333333333,0.6773735646740966,45.0,21.0,2.0015435844284686,0.9186311934850846
1214,01_09_A0109139230000600019z,0.5,0.6091565457236593,43.0,22.0,1.7346222999920535,0.9466393424970604
1215,01_09_a0109139230000600024z,0.5,0.23166139861028254,42.0,20.0,1.733262010620079,0.7421432683775122
1216,01_09_A0109139230000600027z,0.5,0.21032511619634486,36.0,20.0,1.41618536229353,0.7763682608948627
1217,01_09_A0109139230000700010z,0.3333333333333333,0.5307426819698443,58.0,26.0,2.001645760849504,1.0113709120585308
1218,01_09_A0109139230000700014z,0.3333333333333333,0.17792446438180576,47.0,22.0,2.0012265084381404,0.8845849074219592
1219,01_09_A0109139230000700017z,0.5,0.2934717789598109,50.0,21.0,1.7340944178553819,0.8623456157048386
1220,01_09_A0109139230000800024z,0.5,0.3698574538909404,42.0,15.0,1.7330134615430586,0.8291087717661944
1221,01_09_A0109139230000900021z,0.16666666666666666,0.4369335526601167,49.0,27.0,2.003125122524232,0.9099788697447242
1222,01_09_a0109139230001000022z,0.5,0.4159784404018172,40.0,20.0,1.73444562679759,0.9375859938031336
1223,01_09_a0109139230001000026z,0.5,0.3130601694611301,44.0,17.0,1.7333230532027182,0.8267960615116097
1224,01_09_a0109139230001400014z,0.3333333333333333,0.6595932364496894,58.0,26.0,2.0017311008722523,1.068336804715012
1225,01_09_a0109139230001400023z,0.5,0.23574063934084266,43.0,19.0,1.7322489709973503,0.7963550102090542
1226,01_09_a0109139230001400044z,0.5,0.2510979917337014,38.0,20.0,1.4157326035602755,0.6698992204661816
1227,01_09_A0109139230001600040z,0.8333333333333334,0.47788680216166707,35.0,11.0,1.0012525970491288,0.8285826432265109
1228,01_09_A0109139230001600048z,0.5,0.2547320747834768,44.0,17.0,1.0008393427714903,0.7884646532289313
1229,01_09_A0109139230001700032z,0.6666666666666666,0.2933923744933097,31.0,16.0,1.4146916689473437,0.8286585805749395
1230,01_09_A0109139230001900040z,0.5,0.2846231803069916,43.0,19.0,1.4143663723398998,0.8157713206438578
1231,01_09_A0109139230001900049z,0.5,0.2204252157669062,41.0,17.0,1.4146564158050927,0.6911154106408437
1232,01_09_a0109139230002200038z,0.6666666666666666,0.34300921388455397,34.0,17.0,1.4164017441023031,0.7655142051913193
1233,01_09_A0109139230002400032z,0.8333333333333334,0.4159471770841452,38.0,13.0,1.0028757389045102,0.7987341928126986
1234,01_09_A0109139240000100022z,0.3333333333333333,0.32849991195213823,48.0,23.0,2.0018057237584808,0.8597139947416905
1235,01_09_a0109139240000400032A,0.5,0.3965342789598109,30.0,17.0,1.7326332818131556,0.8674784717514151
1236,01_09_a0109139240000500033z,0.6666666666666666,0.5898472508909354,28.0,15.0,1.4164923916140697,0.7792143380108336
1237,01_09_a0109139240000500043z,0.5,0.18605865691193255,30.0,19.0,1.4149381550075923,0.657903788878939
1238,01_09_A0109139240000800025z,0.5,0.3409103120176621,46.0,18.0,1.7336218381767805,0.8426494923522121
1239,01_09_A0109139240001100026z,0.5,0.2466830131370261,36.0,18.0,1.7328789661691957,0.832761984917115
1240,01_09_A0109139240001200017z,0.3333333333333333,0.5125080825901739,50.0,22.0,2.002744472349874,1.008709556791545
1241,01_09_A0109139240001200021z,0.5,0.3251823732750564,50.0,21.0,1.7333806302607242,0.8954288218840528
1242,01_09_A0109139240001200025z,0.5,0.3200144146187256,50.0,21.0,1.7332297775678491,0.8959842660883013
1243,01_09_A0109139240001600021z,0.16666666666666666,0.5276318913193615,41.0,20.0,2.0010851927950237,1.0126194230712762
1244,01_09_A0109139240002300025z,0.5,0.4430497606111871,45.0,18.0,1.732925624928065,0.9298440743698956
1245,01_09_a0109139240002400015z,0.3333333333333333,0.5191087426561806,48.0,22.0,2.0025047159469898,1.0244175521432082
1246,01_09_a0109139240002400021z,0.5,0.3251823732750564,50.0,21.0,1.7334737714323427,0.8960118145614996
1247,01_09_a0109139240002500015z,0.3333333333333333,0.6363631647276011,52.0,24.0,2.004448742991799,1.105637786472983
1248,01_09_a0109139240002500021z,0.5,0.27959226088752176,42.0,16.0,1.7342613937657956,0.8600866028911429
1249,01_09_a0109139240003400033A,0.6666666666666666,0.3681599385904177,34.0,17.0,1.4159363279738255,0.8429527217013247
1250,01_09_a0109139240003400050z,0.3333333333333333,0.3606052137938123,47.0,20.0,1.4157584022675633,0.6556273704892189
1251,01_09_a0109139240004000029B,0.3333333333333333,0.4430497606111871,51.0,24.0,2.0014570812078003,0.9179715974855236
1252,01_09_A0109139240006300031A,0.5,0.4348219562647755,39.0,18.0,1.416016343255218,0.6391499511020026
1253,01_10_A0110132010000100031z,0.6666666666666666,0.4066868133619441,33.0,15.0,1.4156924415665793,0.7729030056512591
1254,01_10_A0110132010000300032z,0.6666666666666666,0.3119322219977856,28.0,16.0,1.4149931074906474,0.8097476458899042
1255,01_10_A0110132010000400032z,0.6666666666666666,0.5145208417915308,39.0,18.0,1.416221324617409,0.7446429005310186
1256,01_10_A0110132010000500030z,0.6666666666666666,0.2963072219977856,48.0,21.0,1.4159851010102582,0.8619714590954999
1257,01_10_A0110132010001600023A,0.5,0.3912675658678889,37.0,17.0,1.7331686644446183,0.8631289548201322
1258,01_10_A0110132010001600031z,0.6666666666666666,0.3238203937355365,36.0,16.0,1.415690811473221,0.8525993849904875
1259,01_10_A0110132010001700032A,0.8333333333333334,0.5812714642834323,32.0,16.0,1.0018998549067712,0.6886593878314939
1260,01_10_A0110132010001700032D,0.8333333333333334,0.332750298284448,33.0,11.0,1.0014337082593006,0.6938835119041463
1261,01_10_a0110132010002000033z,0.8333333333333334,0.13468184013669834,28.0,16.0,1.0018399867300576,0.6382232099736792
1262,01_10_A0110132010002100032z,0.6666666666666666,0.3638192541350013,34.0,11.0,1.4145403719643042,0.6860050727385015
1263,01_10_A0110132020000100018z,0.16666666666666666,0.3533285282711056,54.0,26.0,2.0008238693819687,0.9479846549456729
1264,01_10_A0110132020000100021z,0.16666666666666666,0.3830900125780445,53.0,26.0,2.0014768043734303,0.8185127284133943
1265,01_10_A0110132020000100022z,0.16666666666666666,0.3860914972696701,51.0,26.0,2.00156420899078,0.8226944334462911
1266,01_10_A0110132020000100026z,0.16666666666666666,0.3860914972696701,48.0,28.0,2.0011006105499374,0.8011454580619347
1267,01_10_A0110132020000100029z,0.16666666666666666,0.3857830181528945,48.0,28.0,2.0014222198101983,0.8102044652757634
1268,01_10_A0110132020000100035z,0.5,0.3860914972696701,40.0,15.0,1.7326132902518043,0.8010582577710335
1269,01_10_A0110132020000100040z,0.5,0.13357364029484753,45.0,21.0,1.4153395510629203,0.6830318249131404
1270,01_10_A0110132020000100045z,0.3333333333333333,0.3688867872927771,45.0,20.0,1.4158291660407942,0.5720516193899297
1271,01_10_A0110132020000200031z,0.6666666666666666,0.4579993344855672,35.0,17.0,1.4168103171759192,0.7567801510382233
1272,01_10_A0110132020000200051z,0.5,0.4168189015135619,49.0,23.0,1.0023202689821402,0.6748917833178996
1273,01_10_A0110132020000300025z,0.16666666666666666,0.2759924602250177,55.0,27.0,2.0003934137211976,0.8229212292407134
1274,01_10_A0110132020000300032z,0.5,0.27245872725688536,35.0,14.0,1.7335757067019981,0.7949079453408427
1275,01_10_A0110132020000300036z,0.6666666666666666,0.4003739705831507,35.0,18.0,1.4159951360015757,0.7507312783104677
1276,01_10_A0110132020000300037z,0.6666666666666666,0.3958151992616047,35.0,18.0,1.416013758749315,0.7459691516104937
1277,01_10_A0110132020000800035z,0.6666666666666666,0.5868741991023463,33.0,18.0,1.4159133130196946,0.7125810110653192
1278,01_10_A0110132020002500032A,0.6666666666666666,0.3058318400455177,34.0,17.0,1.4171353481868676,0.7998935461195564
1279,01_10_A0110132023000200024z,0.16666666666666666,0.4149585046235277,55.0,27.0,2.000843115877321,0.9306236269768052
1280,01_10_A0110132030000100016z,0.16666666666666666,0.7081762324011064,58.0,29.0,2.002925981500116,1.1300207465832517
1281,01_10_A0110132030000100019z,0.16666666666666666,0.29197269266445525,55.0,27.0,2.0029719764560587,0.8354452347911512
1282,01_10_A0110132030000100024z,0.16666666666666666,0.42409864463145264,55.0,27.0,2.0010336842400087,0.9336057849410594
1283,01_10_A0110132030000100029z,0.5,0.3647516890686083,44.0,21.0,1.7327229867017906,0.7519415956069724
1284,01_10_A0110132030000200014z,0.16666666666666666,0.8228386131306652,54.0,26.0,2.000878331542054,1.1954051354601392
1285,01_10_A0110132030000200021z,0.3333333333333333,0.5279440011820331,49.0,21.0,2.0010699982107627,0.8820399360500114
1286,01_10_A0110132030000200031z,0.6666666666666666,0.5256176664784717,34.0,17.0,1.4156387687675742,0.7334494935491687
1287,01_10_a0110132030000300020z,0.16666666666666666,0.3394453937355365,50.0,28.0,2.001521892174785,0.805265105808491
1288,01_10_A0110132030000800026z,0.5,0.4976843056962738,38.0,19.0,1.7329690357978518,0.7222774924204907
1289,01_10_A0110132030000800027z,0.5,0.4938017517045844,38.0,19.0,1.7330067042766786,0.725157949091667
1290,01_10_A0110132030001100031z,0.6666666666666666,0.1582541065460178,34.0,18.0,1.4147163440653558,0.7312629066771003
1291,01_10_A0110132030001500011z,0.3333333333333333,1.1437574932455252,58.0,26.0,2.000961861976941,1.39199968172302
1292,01_10_a0110132030001500014z,0.16666666666666666,0.9802410097290416,62.0,31.0,2.001228029718307,1.3119531747192268
1293,01_10_A0110132030001900019z,0.3333333333333333,0.6288725280234813,46.0,20.0,2.002435130967932,1.0401705730570507
1294,01_10_A0110132030002500035z,0.8333333333333334,0.4407892762065639,27.0,12.0,1.0026968421832825,0.7148020979128251
1295,01_10_A0110132030002800023z,0.8333333333333334,0.42409864463145264,30.0,13.0,1.00106072043051,0.9169499242627671
1296,01_10_A0110132030002800041z,0.5,0.42390730982523583,43.0,15.0,1.415287164849451,0.6397235316605548
1297,01_10_A0110132040000100032z,0.5,0.17812963197493334,40.0,20.0,1.4155368809695958,0.6782696377983929
1298,01_10_A0110132040000200024z,0.5,0.34893269540185945,50.0,21.0,1.7326396483882112,0.8609746491474456
1299,01_10_A0110132040000200025z,0.3333333333333333,0.4189454146530263,45.0,25.0,2.000377033143027,0.9317494139984372
1300,01_10_A0110132040000200050z,0.5,0.4402581967683444,36.0,13.0,1.415565278450068,0.5941107917163886
1301,01_10_a0110132040000300018z,0.16666666666666666,0.3704664972696701,52.0,26.0,2.001149262710157,0.7933837922430279
1302,01_10_A0110132040000300021z,0.3333333333333333,0.3600175658678889,44.0,20.0,2.0005203410045183,0.8836778313331236
1303,01_10_a0110132040000300022A,0.3333333333333333,0.4189454146530263,40.0,23.0,2.000571570161524,0.9083234921947024
1304,01_10_a0110132040000300026z,0.5,0.20645409537449774,38.0,22.0,1.7324016866740968,0.7939413157348736
1305,01_10_a0110132040000300030z,0.5,0.2688035212032477,40.0,15.0,1.7324936158814108,0.7588888015344503
1306,01_10_A0110132040000300031z,0.5,0.2783500605827226,40.0,15.0,1.7324665740626417,0.7627408103440707
1307,01_10_A0110132040000400025z,0.5,0.5743015336512015,33.0,14.0,1.7329159275096235,0.7126089220638231
1308,01_10_A0110132040000400033z,0.6666666666666666,0.5659445011886122,33.0,14.0,1.4159966691935395,0.7081627162168938
1309,01_10_A0110132040001000027z,0.5,0.3046035788219422,30.0,11.0,1.7328043681252423,0.6799188311058253
1310,01_10_A0110132040001100026a,0.5,0.5049732166310179,43.0,18.0,1.7330715419993277,0.7690004070724673
1311,01_10_A0110132040001100028a,0.5,0.5287755036488848,38.0,19.0,1.733563776913973,0.8095472905061704
1312,01_10_a0110132040001300019z,0.16666666666666666,0.31661440298069865,52.0,26.0,2.0003047549774924,0.8695858009478447
1313,01_10_A0110132040001600015z,0.3333333333333333,0.7551233747044918,48.0,22.0,2.003372819171859,1.1815202013972534
1314,01_10_A0110132040001600021z,0.3333333333333333,0.35192959576421856,44.0,20.0,2.000355124195138,0.8716886043235869
1315,01_10_A0110132040001700017z,0.3333333333333333,0.7901644196524517,44.0,20.0,2.0029840349150208,1.1210974640004558
1316,01_10_A0110132040002000032z,0.6666666666666666,0.27631666487076,32.0,17.0,1.4156635147593963,0.7656663999305274
1317,01_10_A0110132040002700019z,0.16666666666666666,0.6138912546152416,51.0,28.0,2.0001874403606696,1.059961448898577
1318,01_10_A0110132040002800054z,0.5,0.13582666857766235,38.0,21.0,1.4149210523537956,0.6963791666705871
1319,01_10_A0110132040002800063z,0.3333333333333333,0.19808270500812494,47.0,29.0,1.415708450004164,0.7415720780041296
1320,01_10_a0110132040003100035z,0.8333333333333334,0.4833407210401891,28.0,15.0,1.001709883353758,0.5671098373203222
1321,01_10_a0110132040003100038z,0.6666666666666666,0.06701978956267307,27.0,13.0,1.4158166606891167,0.6021522076842323
1322,01_10_A0110132040003700045z,0.6666666666666666,0.08574916053063497,37.0,14.0,1.0008258106195922,0.6262410915529074
1323,01_10_A0110132040004600033z,0.8333333333333334,0.31531928558739525,30.0,15.0,1.0019887041642543,0.6392494859888711
1324,01_10_A0110132040004900024z,0.5,0.4466318961763053,38.0,17.0,1.7327970174987657,0.7832663902199463
1325,01_10_A0110132040004900032z,0.6666666666666666,0.5099259070655975,31.0,18.0,1.415717229693369,0.7594910624481748
1326,01_10_A0110132040005600024z,0.6666666666666666,0.3148464559623949,39.0,19.0,1.4145707963256948,0.7720738042823132
1327,01_10_A0110132040005600034A,0.8333333333333334,0.24199916053063494,32.0,12.0,1.0012905515539845,0.8091591565574309
1328,01_10_a0110132040005900019z,0.3333333333333333,0.2987685694394358,46.0,22.0,2.000849239931094,0.7988921946789007
1329,01_10_a0110132040006100031z,0.6666666666666666,0.1942782210401891,33.0,12.0,1.4150331957379458,0.7060434860720757
1330,01_11_a0111130030000100019z,0.5,0.4774460554871421,40.0,20.0,1.734309858212126,0.9789940998052324
1331,01_11_a0111130030000100029z,0.3333333333333333,0.34147177895981085,44.0,20.0,1.7326411555689047,0.8757586636910878
1332,01_11_a0111130030000200015z,0.3333333333333333,0.7420643715524035,51.0,24.0,2.0024808885055787,1.1562646238401684
1333,01_11_a0111130030000200018z,0.5,0.5548289218169538,49.0,21.0,1.7341619771627586,0.9498580959294904
1334,01_11_a0111130030000200025z,0.3333333333333333,0.4754905877372404,51.0,28.0,1.7324517482788784,0.9154772282428092
1335,01_11_a0111130030000200031z,0.5,0.1921351886633149,44.0,26.0,1.4161461514077396,0.8408769780292394
1336,01_11_a0111130030000800031z,0.3333333333333333,0.3193095954155071,45.0,18.0,1.7325207162001486,0.8161502813419264
1337,01_11_a0111130030001300027z,0.5,0.3251823732750564,41.0,15.0,1.7328239549244802,0.8462894528106103
1338,01_11_a0111130080000800035A,0.6666666666666666,0.3210203513832093,32.0,16.0,1.4151063888557518,0.8478740732345034
1339,01_11_a0111130080000800035B,0.6666666666666666,0.3140238350955812,32.0,16.0,1.4148108129018717,0.8392842540143364
1340,01_11_a0111130090001600020z,0.5,0.5255310775301343,45.0,20.0,1.7331415663841758,0.8681078258276017
1341,01_11_a0111130090001600032z,0.6666666666666666,0.2867458753453531,32.0,16.0,1.4150007254271777,0.7588153956945654
1342,01_11_a0111130090001600042z,0.5,0.3036532210401891,42.0,23.0,1.4149145011826614,0.6098732229358254
1343,01_12_A0112156010000100027z,0.16666666666666666,0.4001840296720616,45.0,25.0,2.0004256985277746,0.8621658751478686
1344,01_12_A0112156010000300024z,0.5,0.4949515635816256,38.0,18.0,1.7333125126836395,0.7118580322987654
1345,01_12_A0112156010002300032z,0.6666666666666666,0.4128540143506522,39.0,17.0,1.0016973115839598,0.7248575080159907
1346,01_12_a0112156010002400024z,0.5,0.4308173447090464,48.0,21.0,1.7327083014101257,0.9146226045610228
1347,01_12_a0112156010002500022z,0.6666666666666666,0.537184104743783,38.0,19.0,1.4173142903749751,1.0038583719841971
1348,01_12_a0112156010002800023z,0.5,0.3147135242428297,43.0,19.0,1.732592425926215,0.8704133628890035
1349,01_12_a0112156010002800031z,0.6666666666666666,0.2306339569457594,34.0,19.0,1.4148628186338097,0.8000532689306998
1350,01_12_a0112156010003200032z,0.8333333333333334,0.5854919739458834,28.0,12.0,1.0017444141095224,0.8572461300724878
1351,01_12_a0112156010003200051z,0.5,0.3643478120176621,46.0,22.0,1.000634158924788,0.8170515331320554
1352,01_12_A0112156020000100026z,0.5,0.4751600828183318,49.0,21.0,1.732979528973212,0.9333977203395272
1353,01_12_A0112156020000100033z,0.5,0.27307150006259234,41.0,21.0,1.4155107989113251,0.7174524073742495
1354,01_12_A0112156020000100050z,0.5,0.33704839729250824,45.0,16.0,1.4157197153335097,0.7177182678831246
1355,01_12_a0112156020000400025z,0.16666666666666666,0.4121583461239901,52.0,29.0,2.0011209699509185,0.8732161791739117
1356,01_12_a0112156020000400032z,0.6666666666666666,0.3652285855341857,25.0,14.0,1.4159977160296968,0.7615833698550971
1357,01_12_A0112156020000600034z,0.8333333333333334,0.2616485030977419,30.0,14.0,1.0012413869858656,0.7626364989746651
1358,01_12_a0112156020000900021z,0.3333333333333333,0.4051716029034729,52.0,22.0,2.0012004417773634,0.8953659396594953
1359,01_12_A0112156020000900024z,0.3333333333333333,0.3804576944527687,52.0,22.0,2.0008793254929857,0.8767481497844084
1360,01_12_A0112156020000900025z,0.5,0.482496604743783,44.0,18.0,1.7328027288502614,0.9957624123580294
1361,01_12_A0112156020001200034z,0.5,0.4136822594612036,41.0,13.0,1.4180899845913018,0.644706366014792
1362,01_12_A0112156020001300048z,0.5,0.2561676248478043,36.0,20.0,1.4152281155718125,0.6395651085125855
1363,01_12_A0112156020001700031A,0.6666666666666666,0.1942782210401891,37.0,17.0,1.0012228446375389,0.6152638287984634
1364,01_12_A0112156020001800024z,0.6666666666666666,0.4906233297358413,36.0,17.0,1.4157420717466007,0.8156217464073549
1365,01_12_A0112156020001800031z,0.6666666666666666,0.4258561531389545,34.0,17.0,1.4157283115471395,0.7249356180045192
1366,01_12_a0112156030000200032a,0.6666666666666666,0.4042223193056321,40.0,18.0,1.4150865935089867,0.7728937284850077
1367,01_12_a0112156030000200042z,0.3333333333333333,0.27206044224677045,41.0,20.0,1.4158121508671777,0.6754182572080855
1368,01_12_a0112156030001000035z,0.6666666666666666,0.3251823732750564,40.0,18.0,1.4151885084794351,0.7933717814913163
1369,01_12_a0112156030001600034B,0.6666666666666666,0.5138053374423055,34.0,17.0,1.415685053889003,0.7748699941636481
1370,01_12_a0112156030002500034B,0.6666666666666666,0.3129227592284662,33.0,18.0,1.415496738826131,0.6915583281115075
1371,01_12_A0112156030002700024z,0.6666666666666666,0.378861023974056,38.0,13.0,1.4146191839807911,0.8884749985126229
1372,01_12_A0112156030002700031B,0.6666666666666666,0.21420133232407998,32.0,15.0,1.4152035474895972,0.7632296035476593
1373,01_12_a0112156030003200032z,0.6666666666666666,0.5498906334745148,32.0,20.0,1.4156090337526177,0.7279969531156996
1374,01_12_a0112156030003200042z,0.6666666666666666,0.158719508918977,36.0,23.0,1.001202242504014,0.6547083879326396
1375,01_12_A0112156030003300022z,0.6666666666666666,0.39856362691238256,35.0,15.0,1.4153226227694733,0.7769632993324886
1376,01_12_A0112156030003300032A,0.6666666666666666,0.3927933607917419,35.0,13.0,1.0022470289972736,0.6611527564761033
1377,01_12_A0112156030003300032B,0.6666666666666666,0.08125190525071546,38.0,15.0,1.003873361610105,0.7003219675137008
1378,01_12_A0112156030003300032C,0.6666666666666666,0.22175015540979187,32.0,17.0,1.4168318969250653,0.7103231262983367
1379,01_12_A0112156030003300045z,0.5,0.07404795788229435,55.0,29.0,1.0073959151629963,0.8178227905433669
1380,01_12_A0112156030004600032z,0.6666666666666666,0.3625370725082375,38.0,19.0,1.4154785368204783,0.7598913260679799
1381,01_12_a0112156030006300047B,0.5,0.1395907210401891,40.0,16.0,1.4146630691286348,0.7301225753423195
1382,01_12_A0112156030006700032z,0.6666666666666666,0.2177157210401891,37.0,16.0,1.4147971312766323,0.6097544959638943
1383,01_12_a0112156030007000033A,0.8333333333333334,0.3955978120176621,29.0,10.0,1.0009235846909308,0.7135372046505686
1384,01_12_a0112156030007000033B,0.6666666666666666,0.2743985939481013,30.0,9.0,1.414620980085619,0.5722870766513931
1385,01_12_a0112156030007000033C,0.8333333333333334,0.25010375786799943,29.0,15.0,1.0007126339020975,0.7104100834318052
1386,01_12_a0112156030007000045B,0.6666666666666666,0.544253889051554,36.0,17.0,1.0014365180790554,0.8134837249863475
1387,01_12_a0112156030007100023A,0.8333333333333334,0.10630051403381968,32.0,14.0,1.0006771008026285,0.8017172913595749
1388,01_12_a0112156030007100032A,0.8333333333333334,0.1076724420177858,37.0,11.0,1.0007631903344556,0.7389580221152677
1389,01_12_a0112156030007500026z,0.3333333333333333,0.26461752206934863,38.0,20.0,2.0026518338976858,0.7839270878136545
1390,01_12_a0112156030007600032B,0.8333333333333334,0.2715982967977648,26.0,11.0,1.0014728518012668,0.5854755500143989
1391,01_12_a0112156030008100033B,0.6666666666666666,0.21665904143930212,39.0,14.0,1.4146344292691615,0.6327892922871926
1392,01_12_a0112156030008100043A,0.5,0.3909531978490945,41.0,17.0,1.4146387629873094,0.76074107278999
1393,01_12_A0112156050000100033z,0.6666666666666666,0.4997289315197628,33.0,15.0,1.4156088434025118,0.6814228146794868
1394,01_12_A0112156050000200025z,0.5,0.4281095498576437,42.0,17.0,1.7344910170292596,0.934792582012504
1395,01_12_A0112156050000200047z,0.5,0.4897516890686083,40.0,21.0,1.4157464314396877,0.7150009136485093
1396,01_12_a0112156050001300024z,0.6666666666666666,0.22310704986901791,36.0,17.0,1.4148011325475331,0.759852665781482
1397,01_12_a0112156050001300025z,0.6666666666666666,0.4045584552658105,33.0,12.0,1.4148010498313706,0.6681219957624193
1398,01_12_a0112156060000100018z,0.3333333333333333,0.847146197564462,50.0,22.0,2.0004983180990417,1.1734751741922642
1399,01_12_a0112156060000200025z,0.5,0.4542336837217157,47.0,19.0,1.7329297620741082,0.955277714191816
1400,01_12_A0112156060000800023z,0.5,0.4542832165996918,32.0,17.0,1.732284725833235,0.7671699437983599
1401,01_12_A0112156060000800031z,0.6666666666666666,0.4939339413791722,41.0,15.0,1.415266684236456,0.6485322572326252
1402,01_12_A0112156060000800040z,0.5,0.2092314920682265,39.0,20.0,1.0022807660622974,0.6311772136487492
1403,01_12_A0112156060001200023z,0.6666666666666666,0.5205424504622557,38.0,19.0,1.4155312404841016,0.8297072568263072
1404,01_12_A0112156060001200024z,0.6666666666666666,0.3299943401366984,39.0,13.0,1.000919733352316,0.6579603703019932
1405,01_12_A0112156060001200031z,0.6666666666666666,0.2798996083234261,38.0,16.0,1.4149846470356515,0.6505376424885144
1406,01_12_a0112156060001300022z,0.3333333333333333,0.4692209952607514,43.0,18.0,2.0003902690334945,0.8983865278042479
1407,01_12_a0112156060001300038z,0.6666666666666666,0.25203662226218504,44.0,23.0,0.08095654783300871,0.7452429734882302
1408,01_12_A0112156060001400021B,0.6666666666666666,0.2788776685540013,47.0,21.0,1.4151195054307588,0.8415120702714308
1409,01_12_A0112156070000100028z,0.5,0.4613983844643981,47.0,19.0,1.7352624968583876,1.011215949156102
1410,01_12_a0112156070000100031A,0.6666666666666666,0.32832594562647754,28.0,15.0,1.414807345569464,0.7663414022219118
1411,01_12_a0112156070000100031B,0.5,0.6689349758239224,47.0,19.0,1.733502773132762,0.9169105660225924
1412,01_12_a0112156070000100033z,0.5,0.4961487805428534,43.0,19.0,1.7331762135276063,0.7509620005124451
1413,01_12_a0112156070000100049z,0.3333333333333333,0.3766645846765527,43.0,22.0,1.415517390148315,0.6614378274963382
1414,01_12_A0112156070000200028z,0.3333333333333333,0.2933923744933097,47.0,22.0,1.7328244659037568,0.8217427979299199
1415,01_12_A0112156070000200032z,0.3333333333333333,0.3298156746579999,45.0,21.0,1.7322110971273041,0.7439026521715812
1416,01_12_A0112156070000200043A,0.5,0.1694430044676844,41.0,15.0,1.4153827320386625,0.6867563134582068
1417,01_12_A0112156070000200043B,0.3333333333333333,0.4005311859358248,43.0,17.0,1.414767851275052,0.6621276934110079
1418,01_12_A0112156070000200048A,0.5,0.2282649827509834,40.0,15.0,1.4149837491047978,0.6455829255252798
1419,01_12_A0112156070000200048B,0.3333333333333333,0.39693414754122425,45.0,19.0,1.4153390988728962,0.6603158980548243
1420,01_12_a0112156070000300032z,0.5,0.6814272555484396,47.0,19.0,1.733325703448146,0.9301433027589141
1421,01_12_a0112156070000400034z,0.5,0.4961487805428534,43.0,19.0,1.7331713778942384,0.7457056891649412
1422,01_12_a0112156070000600024z,0.5,0.3960826944527687,43.0,19.0,1.7323927623230784,0.8866502064189251
1423,01_12_a0112156070000600033A,0.6666666666666666,0.22141229161672984,36.0,12.0,1.415282603580155,0.6368900008862437
1424,01_12_a0112156070000600033C,0.8333333333333334,0.320481378124378,29.0,11.0,1.0006354786401754,0.6921445975003621
1425,01_12_a0112156070000900024A,0.5,0.36263792316043786,48.0,21.0,1.7329063496877484,0.8630874117911879
1426,01_12_a0112156070000900031A,0.6666666666666666,0.39013442956222055,33.0,17.0,1.4152388703263237,0.8047691961024284
1427,01_12_a0112156070001200033A,0.6666666666666666,0.22780076068304844,44.0,20.0,1.4153323257616424,0.8043815024300008
1428,01_12_a0112156070001200044A,0.5,0.7017926258653484,46.0,19.0,1.4187458049050312,1.027559066738115
1429,01_12_a0112156070002400024A,0.6666666666666666,0.2306339569457594,35.0,12.0,1.0032679285476211,0.7410069887390055
1430,01_12_a0112156070002400033A,0.8333333333333334,0.3628233604683268,26.0,7.0,1.0006849458150235,0.6995530911655875
1431,01_12_a0112156070002400033G,0.8333333333333334,0.23504118305250946,29.0,7.0,1.0023669983505543,0.5688430846582403
1432,01_12_a0112156070002400033H,0.3333333333333333,0.24070419583960634,34.0,14.0,1.4145391358551294,0.6305754346994836
1433,01_12_a0112156070002400045B,0.5,0.32332813347451483,47.0,16.0,1.0037837841931359,0.670870460121009
1434,01_12_a0112156070002400053z,0.6666666666666666,0.3093338125773221,44.0,15.0,0.09114242892584228,0.6661790867148716
1435,01_12_a0112156080000100025z,0.8333333333333334,0.5247484098063033,30.0,11.0,1.0036569492132297,0.7024872028644465
1436,01_12_A0112156090000100019z,0.3333333333333333,0.430068793885184,44.0,20.0,2.0008993337215606,0.9149733164084234
1437,01_12_A0112156090000100024z,0.3333333333333333,0.4430497606111871,44.0,20.0,2.000436787210032,0.913562883844024
1438,01_12_A0112156090000100031z,0.6666666666666666,0.2447098741979061,30.0,18.0,1.4161489948298829,0.7774627411710033
1439,01_12_A0112156090000100040z,0.5,0.2270006434348676,43.0,14.0,1.4148857016960366,0.5579457826864203
1440,01_12_A0112156090000100043z,0.5,0.2283798679084397,41.0,14.0,1.4149379598270908,0.5512093854493239
1441,01_12_A0112156090000300024z,0.5,0.34147177895981085,40.0,17.0,1.7335753964398457,0.913066725289876
1442,01_12_A0112156090000300035z,0.6666666666666666,0.3148464559623949,33.0,22.0,1.0012545009999405,0.7688716664176717
1443,01_12_A0112156090000300042z,0.5,0.3722179426426754,38.0,11.0,1.4159542333012458,0.6922469992643514
1444,01_12_A0112156090000300045z,0.5,0.37979585303388497,37.0,13.0,1.4160074617471188,0.7014750375482961
1445,01_12_A0112156090000400019z,0.3333333333333333,0.8698509258792423,50.0,22.0,2.000601303295591,1.183287814754029
1446,01_12_A0112156090000400024z,0.6666666666666666,0.5059074225241673,39.0,17.0,1.4172332589513317,0.9583425673446972
1447,01_12_A0112156090000400035A,0.5,0.3096784973060641,43.0,16.0,1.7327365631683014,0.8064932645983544
1448,01_12_A0112156090000400035B,0.5,0.3114970954155071,43.0,16.0,1.7326863138584323,0.8086149327315599
1449,01_12_A0112156090000400042z,0.5,0.10981355455893947,43.0,16.0,1.4153680557648671,0.5840048913210435
1450,01_12_a0112156090000500024z,0.5,0.4118624495137467,38.0,17.0,1.7336340372182013,0.9026374288974788
1451,01_12_a0112156090000500031z,0.5,0.4376181652940485,45.0,20.0,1.4153988617875626,0.7356042953921546
1452,01_12_A0112156090000500045z,0.3333333333333333,0.14505785354536505,43.0,20.0,1.4158124454423495,0.5999508775521014
1453,01_12_A0112156090000700024c,0.5,0.5142554328059648,38.0,15.0,1.7325776769051429,0.8164874166841672
1454,01_12_A0112156090000700032z,0.6666666666666666,0.4439861649654228,33.0,15.0,1.4159041352760855,0.6609920214748751
1455,01_12_A0112156090000700043z,0.5,0.1846816510586053,34.0,22.0,1.0024640295562155,0.6060442449385322
1456,01_12_A0112156090000800025z,0.5,0.4838769236543447,44.0,19.0,1.73468797030552,0.9724765801464006
1457,01_12_A0112156090001200019z,0.3333333333333333,0.9030949673656079,49.0,22.0,2.0058571763757085,1.2961959635497449
1458,01_12_A0112156090001200024z,0.6666666666666666,0.4838769236543447,42.0,13.0,1.4177439471680533,0.96784077927794
1459,01_12_a0112156090001200035z,0.3333333333333333,0.3303503319313871,47.0,18.0,1.732671242935646,0.8590541230545119
1460,01_12_a0112156090001500025z,0.5,0.4430497606111871,49.0,21.0,1.7328792623190123,0.9376681738143424
1461,01_12_a0112156090002400022z,0.3333333333333333,0.3394453937355365,50.0,23.0,2.0007885844611133,0.8809398662100133
1462,01_12_a0112156090002400024z,0.3333333333333333,0.36674197394588337,44.0,20.0,2.000742186818219,0.8569478492757899
1463,01_12_a0112156090002400032z,0.6666666666666666,0.36674197394588337,34.0,17.0,1.4150788444504818,0.8585748899663974
1464,01_12_A0112156090002600029z,0.6666666666666666,0.5531296319749334,36.0,17.0,1.415864083957952,0.7607058792442869
1465,01_12_A0112156090002800032z,0.6666666666666666,0.33567142604946554,35.0,21.0,1.0029024261778905,0.7553569111018491
1466,01_12_A0112156090002900024z,0.5,0.4571279102053756,48.0,21.0,1.7329502401941186,0.8321276596239208
1467,01_12_a0112156090003100024B,0.5,0.39172530008657147,48.0,21.0,1.7329120003825422,0.8954439222743134
1468,01_12_A0112156090003100027z,0.5,0.4118624495137467,48.0,21.0,1.7326938989504328,0.9031999549072872
1469,01_12_a0112156090003700031z,0.6666666666666666,0.4211526538895539,34.0,17.0,1.4158360061166424,0.6909967666192498
1470,01_12_a0112156090003700032z,0.6666666666666666,0.31453230982523583,38.0,16.0,1.4157466943882258,0.6888583919501381
1471,01_12_A0112156090003700041z,0.6666666666666666,0.1410749329399803,34.0,15.0,1.0006472098549315,0.6803099343565724
1472,01_12_a0112156090004400031A,0.6666666666666666,0.39593521348079386,28.0,13.0,1.4160055405857184,0.5948930936008751
1473,01_12_A0112156090004600022z,0.5,0.34168738465993315,42.0,18.0,1.7322060236219627,0.8145889859196421
1474,01_12_A0112156090004600032c,0.6666666666666666,0.557649032327667,33.0,15.0,1.4155135627574431,0.6779208965569115
1475,01_12_A0112156090005000024z,0.8333333333333334,0.36119929120004707,30.0,10.0,1.001509619766718,0.5902706226127343
1476,01_12_A0112156090005000032z,0.8333333333333334,0.3807784495593847,29.0,8.0,1.0014155494953059,0.662447179630168
1477,01_12_A0112156090005100031z,0.6666666666666666,0.4111282664122399,34.0,17.0,1.4157397852344595,0.728905110926846
1478,01_12_A0112156090005100035z,0.6666666666666666,0.17068753476567933,35.0,16.0,1.4151254963459914,0.6104476299110595
1479,01_12_a0112156090005300030A,0.6666666666666666,0.1416764492894812,32.0,17.0,1.001923304585313,0.7050593227531872
1480,01_12_a0112156090005400031z,0.6666666666666666,0.5008648923109074,34.0,17.0,1.4159330051621597,0.7288178091244878
1481,01_12_a0112156090005600022z,0.6666666666666666,0.2186941626807412,44.0,22.0,1.4150673424941818,0.8218950678331955
1482,01_12_a0112156090007500024A,0.6666666666666666,0.2595089453392545,42.0,15.0,1.4169586307036124,0.751636029483259
1483,01_12_a0112156090007500024B,0.6666666666666666,0.2747719828104339,37.0,15.0,1.4165145388074731,0.6510674813237084
1484,01_12_a0112156090007500033z,0.6666666666666666,0.20719860663605105,38.0,15.0,1.4155338686769956,0.8581153759943428
1485,01_12_A0112156095000100024z,0.5,0.4404934507864363,48.0,21.0,1.7329032552004242,0.9387842112493774
1486,01_13_a0113121020000100020z,0.16666666666666666,0.3635562860020645,49.0,22.0,2.001446311439722,0.8578876627446677
1487,01_13_a0113121020000200022z,0.5,0.430068793885184,45.0,19.0,1.7335732035441342,0.9424809782609491
1488,01_13_a0113121020000200024z,0.16666666666666666,0.4090587996087785,48.0,22.0,2.0009380328975204,0.912469105827308
1489,01_13_a0113121020000200027z,0.5,0.27326344562647753,40.0,18.0,1.7368947412120332,0.8134295718500235
1490,01_13_A0113121020000200032z,0.5,0.3874203799330469,39.0,17.0,1.7341696967873683,0.8281447882047548
1491,01_13_A0113121020000300025z,0.16666666666666666,0.4516639431389154,46.0,28.0,2.00129365695495,0.8996087616809655
1492,01_13_A0113121020000300033z,0.6666666666666666,0.3321624126645463,30.0,15.0,1.4155630090899285,0.8474115001990352
1493,01_13_A0113121020000300043z,0.5,0.2946666718750685,44.0,15.0,1.4154735204580606,0.6078559111251167
1494,01_13_A0113121020000400024z,0.6666666666666666,0.3670113916358673,36.0,14.0,1.414769464037524,0.8713281213988936
1495,01_13_A0113121020000400033z,0.8333333333333334,0.06436934013669837,33.0,12.0,1.0011967848550944,0.7836938654426682
1496,01_13_A0113121020000400043z,0.6666666666666666,0.23352633119137697,38.0,19.0,1.0008881550916016,0.7710500325108174
1497,01_13_A0113121020001300024z,0.6666666666666666,0.3643478120176621,36.0,13.0,1.4147774651177882,0.8799636232786276
1498,01_13_A0113121020001300032B,0.6666666666666666,0.3487938778629997,38.0,16.0,1.4150199975863493,0.6707901257823972
1499,01_13_A0113121020001900010z,0.3333333333333333,0.6594319383223607,58.0,27.0,2.0074741973408505,1.1808790291351838
1500,01_13_A0113121020001900015B,0.3333333333333333,0.9808920988650242,58.0,27.0,2.008286357391285,1.3157534076626216
1501,01_13_A0113121020002100025z,0.6666666666666666,0.430742439495933,41.0,19.0,1.4150374641547157,0.7371995339434471
1502,01_13_A0113121020002100031A,0.6666666666666666,0.2606617161858202,34.0,11.0,1.4149575339431593,0.6084083212728756
1503,01_13_A0113121020002100031B,0.6666666666666666,0.25291049421573153,34.0,15.0,1.4148876567219852,0.6024099307681062
1504,01_13_A0113121020002100042z,0.5,0.2171918692532646,37.0,20.0,1.414625088733358,0.5385564725872861
1505,01_13_a0113121020002200024z,0.6666666666666666,0.11400029828444802,34.0,16.0,1.4154429965825943,0.7402179467594384
1506,01_13_a0113121020002200043z,0.6666666666666666,0.23976523268441585,33.0,21.0,1.0006439612440143,0.5851486323799525
1507,01_13_a0113121020004100024B,0.6666666666666666,0.1892660282711056,39.0,19.0,1.4164527814367396,0.7965055525297919
1508,01_13_a0113121020004100024z,0.6666666666666666,0.3957353659163326,36.0,20.0,1.418573282412411,0.9036745555687912
1509,01_13_a0113121020004100034z,0.8333333333333334,0.3154875405668163,31.0,10.0,1.0017002971786328,0.6916463347683164
1510,01_13_A0113121030000300025z,0.5,0.4530650200021562,41.0,16.0,1.7339540285659412,0.9461880057081667
1511,01_13_A0113121030000300033z,0.6666666666666666,0.3377334433052148,28.0,15.0,1.4150302084555513,0.846421436324053
1512,01_13_A0113121030000300043z,0.5,0.1909076106722961,35.0,18.0,1.4185157992746142,0.6820899766134288
1513,01_13_A0113121030000700025z,0.6666666666666666,0.3457409116128721,36.0,14.0,1.4149390680719611,0.8625875374678272
1514,01_13_A0113121030000700033z,0.6666666666666666,0.2594696434245034,36.0,16.0,1.4149102441591208,0.7863013077241662
1515,01_13_A0113121030000700042z,0.5,0.2989971424295858,41.0,20.0,1.4149116034894598,0.7720359766581378
1516,01_13_A0113121030000800023z,0.5,0.4017164972696701,45.0,19.0,1.7325878135845652,0.8690521222460059
1517,01_13_A0113121030000800032z,0.6666666666666666,0.32438610663605105,32.0,16.0,1.4150273130281728,0.8130718020893234
1518,01_13_A0113121030000800043z,0.5,0.17816027170940518,34.0,18.0,1.4154084827011186,0.6822922143336078
1519,01_13_A0113121030001400024A,0.6666666666666666,0.5097265906054065,36.0,17.0,1.415478487356849,0.7999246962224766
1520,01_13_A0113121030001400024B,0.8333333333333334,0.35403615932283666,31.0,11.0,1.0017017346054766,0.7175602349684956
1521,01_13_A0113121030001400024C,0.6666666666666666,0.158719508918977,38.0,12.0,1.4152950397322586,0.6430491957522676
1522,01_13_A0113121030001400031z,0.6666666666666666,0.5462175763277587,31.0,18.0,1.4146824887747689,0.6954482969088658
1523,01_13_A0113121030001400041z,0.6666666666666666,0.4481162064770823,31.0,15.0,1.0012987191735032,0.6434412156957235
1524,01_13_A0113121040000100032z,0.6666666666666666,0.3444036990516614,32.0,18.0,1.4160176565453295,0.6595299859671064
1525,01_13_A0113121040000100042z,0.5,0.27861151159460384,44.0,17.0,1.4153623083338185,0.6873843189745338
1526,01_13_A0113121040000100050z,0.5,0.3153643267153359,44.0,16.0,1.4156261144486473,0.7183918072169727
1527,01_13_A0113121040000200024z,0.16666666666666666,0.3341683488806553,45.0,22.0,2.0009790756814287,0.8504544649920552
1528,01_13_A0113121040000200030z,0.5,0.35110665634400706,42.0,15.0,1.7327101750245446,0.8709019235522633
1529,01_13_a0113121040000200056z,0.6666666666666666,0.1237625591016549,32.0,16.0,1.0006783910620376,0.634919976676199
1530,01_13_A0113121040000300024z,0.16666666666666666,0.3643478120176621,47.0,28.0,2.001310867051425,0.8282046505530548
1531,01_13_A0113121040000300029a,0.3333333333333333,0.3555999126645463,49.0,26.0,1.7331186501395155,0.8356040156867739
1532,01_13_A0113121040000300034z,0.5,0.3182697329240053,46.0,25.0,1.4150385878279668,0.7834469693883453
1533,01_13_A0113121040000300042z,0.5,0.23173651159460384,41.0,16.0,1.0012709930965549,0.6061041670889067
1534,01_13_A0113121040000300048z,0.3333333333333333,0.1879381434348676,51.0,18.0,1.4154278313495592,0.553965697368778
1535,01_13_A0113121040000300054z,0.3333333333333333,0.09382274049827244,54.0,25.0,1.0028268175844586,0.5725839437928314
1536,01_13_A0113121040000500024z,0.5,0.4824699225241673,38.0,15.0,1.7328610858935234,0.9581324754364186
1537,01_13_A0113121040000500033z,0.6666666666666666,0.3533584433052148,36.0,14.0,1.4152239214105546,0.8614274730183253
1538,01_13_A0113121040000500042z,0.5,0.1480962146257251,44.0,18.0,1.4148419480910757,0.6560031135083306
1539,01_13_a0113121040001400034A,0.6666666666666666,0.32810314004666863,26.0,16.0,1.0016466335384695,0.6745985048908849
1540,01_13_a0113121040001400046z,0.6666666666666666,0.5784643665608891,44.0,16.0,1.0096932431766985,0.8379556418377565
1541,01_13_A0113121050000100026z,0.5,0.4281095498576437,45.0,18.0,1.732461772299145,0.9203083328973024
1542,01_13_A0113121050000100033z,0.6666666666666666,0.3377035282711056,38.0,14.0,1.414947071491671,0.8546921698050042
1543,01_13_A0113121050000100043z,0.5,0.1891140261249349,42.0,18.0,1.4155169037271116,0.6995157543797308
1544,01_13_A0113121070000500050A,0.6666666666666666,0.2813417035537784,39.0,19.0,1.0020573029932065,0.7027693988183586
1545,01_13_a0113121070000600024A,0.3333333333333333,0.31383745060160195,46.0,21.0,2.0006243958773515,0.8513381490313433
1546,01_13_a0113121070000600024B,0.6666666666666666,0.4464423447090464,39.0,17.0,1.4155285367338928,0.9104349542043112
1547,01_13_a0113121070000600031z,0.6666666666666666,0.14713491295938094,36.0,14.0,1.414558485846836,0.7156387511794322
1548,01_13_a0113121070000600041z,0.5,0.3632110030977419,42.0,25.0,1.000572591799891,0.6720061195143541
1549,01_13_a0113121070001000023A,0.5,0.31419217369665303,32.0,18.0,1.733176604210204,0.6996998848835231
1550,01_13_a0113121070001000023B,0.8333333333333334,0.3830900125780445,33.0,11.0,1.001567533302343,0.9046941982559632
1551,01_13_A0113121070001000032z,0.6666666666666666,0.3846858302724601,34.0,15.0,1.4144965597190002,0.6656602570771315
1552,01_13_a0113121090000300034z,0.6666666666666666,0.3348299708658161,44.0,19.0,1.4168589689230948,0.8896687187407474
1553,01_13_A0113121090000500021z,0.3333333333333333,0.3643971520941393,47.0,21.0,2.001267099015173,0.8355334610108085
1554,01_13_A0113121090000500025z,0.3333333333333333,0.3698574538909404,46.0,20.0,2.0010404255458667,0.8521024105508481
1555,01_13_A0113121090000600025z,0.5,0.32338482243807176,51.0,21.0,1.7326926741059192,0.8634412252412637
1556,01_13_A0113121090000600032z,0.6666666666666666,0.32338482243807176,36.0,19.0,1.4151852697181695,0.8428205264957641
1557,01_13_A0113121090000600042z,0.5,0.2079464724316548,41.0,20.0,1.4151347725050052,0.6953412738598208
1558,01_13_A0113121090000800032z,0.5,0.19193621880305267,33.0,21.0,1.415728884232254,0.5602729666324991
1559,01_13_A0113121090000800041z,0.5,0.10829521133145126,33.0,18.0,1.0014685506213794,0.64140930761306
1560,01_13_A0113121090000900029z,0.6666666666666666,0.5618429129804294,39.0,17.0,1.4153326004450442,1.0005134244476033
1561,01_13_A0113121090000900032z,0.6666666666666666,0.3521384456264776,38.0,14.0,1.4149703518949848,0.8566706020399357
1562,01_13_A0113121110000200025z,0.5,0.4003739705831507,40.0,17.0,1.7324259719666684,0.7703314071736
1563,01_13_a0113121110000400034A,0.5,0.5908435363555045,41.0,18.0,1.41459028358892,0.8016501052654628
1564,01_13_A0113121110000800033z,0.6666666666666666,0.1942782210401891,35.0,17.0,1.4153013905783298,0.6368490797003836
1565,01_13_A0113121110000800045z,0.5,0.17464520500812494,32.0,20.0,1.4149414378437362,0.5446885004134476
1566,01_13_A0113121110001000032z,0.8333333333333334,0.29978549421573153,28.0,16.0,1.0002441734306815,0.6433998429928052
1567,01_13_A0113121110001100032z,0.8333333333333334,0.19025640151356196,24.0,11.0,1.000424152459661,0.6335135780755835
1568,01_13_a0113121110001200032z,0.8333333333333334,0.1978791729439967,24.0,11.0,1.0004381691365174,0.6268774255121285
1569,01_13_a0113121120000300026z,0.5,0.5310023517152288,48.0,21.0,1.7326745355966675,0.9372494792508276
1570,01_13_a0113121120000300045z,0.5,0.20799773323531098,42.0,20.0,1.4144609572065696,0.7484787964855834
1571,01_13_A0113121130000100031A,0.8333333333333334,0.33075049637479714,34.0,11.0,1.0011082291057871,0.6549983210486935
1572,01_13_A0113121130000100031B,0.8333333333333334,0.4194527326844159,31.0,11.0,1.0007837305383274,0.6521146277868072
1573,01_13_A0113121130000100032z,0.6666666666666666,0.1306041718750685,32.0,17.0,1.41595837829696,0.7210808506665932
1574,01_13_A0113121130000100043z,0.8333333333333334,0.02574764585019118,27.0,13.0,1.0022830474205933,0.5409609735629446
1575,01_13_A0113121130000100051z,0.6666666666666666,0.5033546127472769,35.0,16.0,1.0041174202977312,0.7455354301799618
1576,01_13_a0113121140000200026z,0.5,0.2680781007988914,47.0,19.0,1.7326656981096769,0.7880125870898779
1577,01_13_a0113121140000300023z,0.5,0.3198932905877179,40.0,18.0,1.732195349921232,0.8371933923516438
1578,01_13_a0113121140000300024A,0.6666666666666666,0.2515085475926516,45.0,19.0,1.4153291481634926,0.8197741303082895
1579,01_13_a0113121140000300024B,0.5,0.3270582672104636,40.0,18.0,1.7321960005934172,0.8391759754309477
1580,01_13_a0113121140000300032z,0.8333333333333334,0.2379351248244725,29.0,11.0,1.0009912480452043,0.6127105071152782
1581,01_13_a0113121140000300040z,0.6666666666666666,0.20108518748111412,37.0,15.0,1.001427673966195,0.701019025617861
1582,01_13_A0113121160000500055z,0.5,0.4695904203990169,44.0,17.0,0.0562230569193061,0.5996749550331724
1583,01_13_A0113121190000300024z,0.5,0.3915467069137014,37.0,14.0,1.7323591091145603,0.8241417276756019
1584,01_13_A0113121190000300033z,0.6666666666666666,0.3806449346975158,32.0,17.0,1.4153291765976574,0.7820146180165842
1585,01_13_A0113121190000600031z,0.8333333333333334,0.2806376161963449,30.0,11.0,1.001028813624285,0.7744213117533507
1586,01_13_A0113121190000600041z,0.5,0.1674403760295734,35.0,14.0,1.4145919228514698,0.5793575699918462
1587,01_13_A0113121190000700032A,0.6666666666666666,0.2958407210401891,34.0,12.0,1.4147049960811406,0.660108416577907
1588,01_13_a0113121190001100030B,0.8333333333333334,0.4252528760295734,31.0,11.0,1.0017611581272854,0.7007829505156474
1589,01_13_a0113121190001100033A,0.8333333333333334,0.4180262800464003,31.0,11.0,1.0014848031779031,0.6596498838215913
1590,01_13_A0113121210000700014A,0.3333333333333333,0.7420643715524035,58.0,27.0,2.0079707821302684,1.3019526871819993
1591,01_13_A0113121210000700017E,0.3333333333333333,0.2268451344798247,46.0,24.0,2.00364681140575,0.7302521710989389
1592,01_13_A0113121210000700023C,0.5,0.3319478795340595,33.0,20.0,1.741475537146543,0.8640586267849817
1593,01_13_a0113121220001200031D,0.6666666666666666,0.26064953141585995,36.0,12.0,1.4152489519687788,0.6661433809797173
1594,01_13_a0113121220001200031E,0.6666666666666666,0.3494802021404039,36.0,16.0,1.4153305021785532,0.8704408650233602
1595,01_13_a0113121220001200031F,0.6666666666666666,0.24142580194831664,38.0,16.0,1.41533414464001,0.7949885972697158
1596,01_13_A0113121230001400041z,0.5,0.2759924602250177,37.0,20.0,1.4143820077854172,0.6477063507761582
1597,01_13_A0113121230001900032z,0.8333333333333334,0.4048734610943817,22.0,13.0,1.0007997318643922,0.5917407775133642
1598,01_13_A0113121230002000024z,0.6666666666666666,0.4172089642834324,36.0,12.0,1.4155767767563832,0.7166788264438935
1599,01_13_A0113121240000600022z,0.5,0.4341965923926467,38.0,20.0,1.414720184478904,0.9220289501152228
1600,01_13_A0113121240000600029z,0.8333333333333334,0.28107303864973343,24.0,12.0,1.0020975697317789,0.8270254610635227
1601,01_13_A0113121240000600034z,0.5,0.1391896686787928,42.0,19.0,1.0009945400604292,0.5938632708541384
1602,01_13_A0113121240000600038z,0.5,0.13547479161672982,42.0,19.0,1.0015017641724584,0.5850573223176615
1603,01_13_A0113121250000200025z,0.5,0.3748238916358673,45.0,18.0,1.7326913051517108,0.9108564281508306
1604,01_13_A0113121250000200033z,0.6666666666666666,0.31985665634400706,38.0,16.0,1.4158159347464636,0.8543108380226822
1605,01_13_a0113121250000600025z,0.5,0.3114970954155071,39.0,16.0,1.732623970258104,0.7499232218934979
1606,01_13_A0113121250001000034z,0.6666666666666666,0.19106012482447252,32.0,17.0,1.4150101960623531,0.7931502844807848
1607,01_13_a0113121250001100025z,0.6666666666666666,0.39725938957928003,48.0,19.0,1.4153058374999632,0.9389727318617536
1608,01_13_A0113121250001100035A,0.6666666666666666,0.29338536389733194,35.0,18.0,1.415429047124786,0.6096059894748674
1609,01_13_A0113121250001800025z,0.6666666666666666,0.6461673982951583,36.0,16.0,1.414889134686385,0.9079554375018478
1610,01_13_a0113121250002300023z,0.6666666666666666,0.40109887321410215,35.0,17.0,1.4164298632835173,0.7826407124689255
1611,01_13_a0113121250002300032z,0.6666666666666666,0.17340139431785084,34.0,11.0,1.4157999493099562,0.6415578213080799
1612,01_13_a0113121260000500024z,0.5,0.4326576196677755,43.0,19.0,1.7353087817270971,0.9418411586637876
1613,01_13_a0113121260000500034z,0.6666666666666666,0.3499994834452991,36.0,17.0,1.4151487854992972,0.8541922719254414
1614,01_13_a0113121260000500043z,0.5,0.21672870283890436,37.0,18.0,1.4150097181304442,0.7829009970258448
1615,01_13_A0113121260000700031z,0.6666666666666666,0.3402074737826992,37.0,17.0,1.4150488894363904,0.8568672692609804
1616,01_13_A0113121260000700032B,0.8333333333333334,0.06874160487857295,33.0,9.0,1.001164296268522,0.6434975101410867
1617,01_13_A0113121260000700049z,0.5,0.3227651560684377,46.0,16.0,1.4152390982982443,0.7083027091201709
1618,01_13_a0113121260000900025z,0.5,0.362005838905315,48.0,21.0,1.7326205271964084,0.8650151489204875
1619,01_13_a0113121260000900032z,0.6666666666666666,0.31749374762466104,38.0,14.0,1.415163419106662,0.8529330592499323
1620,01_13_a0113121260001000027B,0.8333333333333334,0.2364674053706461,30.0,13.0,1.0015755866841054,0.7392587103929245
1621,01_13_A0113121260001100023A,0.5,0.34680511229314426,45.0,20.0,1.7325516420134577,0.8418298698357674
1622,01_13_A0113121260001100023B,0.5,0.2662009456264776,38.0,19.0,1.7326723181118844,0.67536864663848
1623,01_13_A0113121260001200024z,0.6666666666666666,0.29188178558739525,34.0,12.0,1.4144491406706288,0.6345039329230195
1624,01_13_a0113121260001200032A,0.8333333333333334,0.23713140151356196,29.0,11.0,1.0011414232396547,0.6108939225547962
1625,01_13_a0113121260001200032B,0.6666666666666666,0.23352633119137697,36.0,19.0,1.4149306379507642,0.7955502859712863
1626,01_13_a0113121270000100025B,0.6666666666666666,0.3450844828104339,35.0,16.0,1.4150949999846236,0.7144052293902179
1627,01_13_a0113121270000400033A,0.8333333333333334,0.2426374329399803,25.0,9.0,1.0018068966052167,0.5578314568882498
1628,01_13_a0113121270000400033C,0.6666666666666666,0.20101044998377604,32.0,14.0,1.415046069343049,0.6501910510146448
1629,01_13_a0113121270000400033D1,0.6666666666666666,0.25984912226218504,38.0,15.0,1.4157070478687594,0.6362914840736381
1630,01_13_A0113121270000400040A,0.6666666666666666,0.3452448230357545,34.0,12.0,1.4145565508969613,0.6492812326557491
1631,01_13_a0113121270000600040A,0.8333333333333334,0.2470894270443299,27.0,9.0,1.0013138228291176,0.5829487564273278
1632,01_13_a0113121270000700033A,0.8333333333333334,0.23418666053063494,27.0,5.0,1.0019022525766033,0.5588012716941652
1633,01_13_a0113121270000700033B2,0.6666666666666666,0.23814197907016765,36.0,11.0,1.415227978425126,0.6431588741984788
1634,01_13_a0113121270000700033D1,0.6666666666666666,0.2467072895626731,38.0,15.0,1.4153576436591118,0.6281437668067379
1635,01_13_a0113121270001600024A,0.6666666666666666,0.5047539972714525,36.0,12.0,1.4147860735825888,0.5573809940394031
1636,01_13_a0113121270001600034A,0.6666666666666666,0.2404849420177858,44.0,19.0,1.4150324727270982,0.6225097757685963
1637,01_13_a0113121270001600034B,0.8333333333333334,0.27564120604900744,29.0,13.0,1.0005120124763245,0.8034255973325037
1638,01_13_a0113121270001800035A,0.5,0.2306204450316965,32.0,14.0,1.414814886932516,0.75679866173741
1639,01_14_a0114120040000500012z,0.3333333333333333,0.847146197564462,55.0,24.0,2.007318543555684,1.276172296323759
1640,01_14_A0114120040000500022B,0.5,0.4514334552658105,41.0,19.0,1.7337023477830682,0.6506079140884361
1641,01_14_A0114120040000500023A,0.6666666666666666,0.3597143665608891,34.0,17.0,1.4145138753808209,0.8695814472245196
1642,01_14_A0114120040000500034A,0.8333333333333334,0.3189495881529998,28.0,16.0,1.001792684634133,0.7198714866296261
1643,01_14_A0114120070000100029z,0.6666666666666666,0.3122019146187256,40.0,18.0,1.4155870001164592,0.8372168622885603
1644,01_14_A0114120070000100032z,0.6666666666666666,0.32051344562647754,28.0,16.0,1.4154376771956116,0.8343411935251381
1645,01_14_A0114120070000100040z,0.6666666666666666,0.2646817404576648,38.0,16.0,1.0019273387867391,0.6537213881593055
1646,01_14_A0114120080000100024z,0.5,0.3879380045865518,41.0,19.0,1.732523847860275,0.8784632078971589
1647,01_14_A0114120080000100038z,0.5,0.11604785013460145,42.0,18.0,1.4150976041720251,0.6963142321358605
1648,01_14_A0114120080000200025z,0.3333333333333333,0.4369335526601167,54.0,24.0,2.0010340221445286,0.9234666048739132
1649,01_14_A0114120090000100029z,0.6666666666666666,0.43546018748111415,33.0,14.0,1.4150604448482922,0.8193880545093991
1650,01_14_A0114120090000100032z,0.6666666666666666,0.15718437486773928,36.0,18.0,1.414978062149865,0.8176839203825791
1651,01_14_A0114120090000200036z,0.6666666666666666,0.3504107996410761,32.0,17.0,1.4155052366741483,0.7712209974177344
1652,01_14_A0114120090000300025z,0.16666666666666666,0.3973103956745083,49.0,25.0,2.0006920741506065,0.8874825628612355
1653,01_14_A0114120094000100025z,0.5,0.3778840352272204,51.0,21.0,1.732587101726352,0.8909745489469906
1654,01_14_A0114120094000100032z,0.6666666666666666,0.2779330131370261,34.0,17.0,1.415366867408144,0.8165501157901291
1655,01_14_A0114120094000100043z,0.5,0.10780410487857296,44.0,18.0,1.4152047683232487,0.6506034685580999
1656,01_14_A0114120100000700024z,0.3333333333333333,0.4430497606111871,49.0,20.0,2.000684546305873,0.8854053328130189
1657,01_14_A0114120100000700031n,0.6666666666666666,0.3052476694611301,36.0,13.0,1.4161491580113483,0.8375586914835892
1658,01_14_A0114120100000700031s,0.6666666666666666,0.3790897531986868,38.0,14.0,1.415693013108223,0.7892145477568148
1659,01_14_A0114120100000700041z,0.6666666666666666,0.39686660487857295,29.0,10.0,1.000803000722443,0.6302711604279978
1660,01_14_A0114120100001300034z,0.6666666666666666,0.22348801403381968,28.0,14.0,1.4146515241217403,0.5846045732057025
1661,01_14_A0114120100001300052z,0.5,0.23120277346985665,32.0,23.0,1.4146797227066017,0.6318397661193721
1662,01_14_a0114120100002600050C,0.5,0.41301293239048265,46.0,27.0,1.4196399363008043,0.6882198016450828
1663,01_14_A0114120110000100025z,0.5,0.4286707096382771,44.0,15.0,1.7325398854448852,0.8853462620302017
1664,01_14_A0114120110000100026z,0.5,0.42674773323531107,33.0,14.0,1.7324118365083636,0.8188102393689147
1665,01_14_A0114120110000100033z,0.6666666666666666,0.37489543056330943,34.0,16.0,1.4165652491236902,0.8654617296816982
1666,01_14_A0114120110000100042z,0.5,0.1530038335628751,38.0,17.0,1.4163764597371182,0.6955943707188849
1667,01_14_A0114120110000200025z,0.5,0.4430497606111871,48.0,18.0,1.732640326359913,0.8921280545625948
1668,01_14_A0114120110001600052z,0.3333333333333333,0.091826252349487,46.0,24.0,1.4159929804633875,0.6584746683250448
1669,01_14_a0114120113000100032B,0.6666666666666666,0.5684686355479611,32.0,17.0,1.4161160370097114,0.7555614408890559
1670,01_14_A0114120120000200024z,0.5,0.5154343225138178,39.0,19.0,1.7337125101417283,0.9762102290340878
1671,01_14_A0114120120000200033A,0.6666666666666666,0.1744095716998577,43.0,17.0,1.4146786404304694,0.593411982196525
1672,01_14_A0114120120000200043A,0.5,0.31986697394588337,37.0,24.0,1.4145769087786817,0.6514273965369738
1673,01_14_A0114120120001000033z,0.6666666666666666,0.17947483270573927,43.0,17.0,1.4149397111151818,0.588304681694494
1674,01_14_A0114120120001300047z,0.5,0.20848505461613556,39.0,24.0,1.4156855907806734,0.6076860762638245
1675,01_14_A0114120130000200029z,0.6666666666666666,0.4862820650633531,35.0,14.0,1.4149264779956705,0.8606934202996552
1676,01_14_A0114120130000200032z,0.6666666666666666,0.2651344295622205,26.0,15.0,1.418306960650171,0.7680382120181751
1677,01_14_A0114120130000200042z,0.5,0.24216564004666866,40.0,13.0,1.001768004281463,0.5858598392173396
1678,01_14_a0114120130000300027B,0.5,0.42409864463145264,46.0,19.0,1.7329287078928246,0.8978132705406717
1679,01_14_a0114120130000300033z,0.6666666666666666,0.3366453513832093,30.0,15.0,1.4155201602267546,0.8411063912124488
1680,01_14_a0114120130000300042z,0.3333333333333333,0.3699439015135619,45.0,17.0,1.4151867285446535,0.670213300555465
1681,01_14_a0114120130000900026z,0.5,0.4927061023921542,50.0,21.0,1.7332432721951572,0.9834973134550402
1682,01_14_a0114120130000900034z,0.5,0.274772983779088,48.0,18.0,1.7324997389952583,0.8324538433882189
1683,01_14_a0114120130000900037B,0.6666666666666666,0.4045301634533518,38.0,17.0,1.4157926587988203,0.8053427825937455
1684,01_14_A0114120130001400030z,0.6666666666666666,0.11581908152898746,35.0,15.0,1.416493515147829,0.6716889415559604
1685,01_14_A0114120130001400031N,0.6666666666666666,0.2327628172428735,33.0,16.0,1.4151583172907358,0.7967450053050072
1686,01_14_A0114120130001400031S,0.6666666666666666,0.2368776524537868,31.0,16.0,1.4151932026786245,0.7941048950402276
1687,01_14_A0114120130001600033A,0.6666666666666666,0.11612506788703594,41.0,17.0,1.415104097150481,0.5491338473698526
1688,01_14_A0114120130001600033B,0.6666666666666666,0.3558324737826992,40.0,16.0,1.415087209772422,0.8541169256808943
1689,01_14_A0114120190000100024z,0.5,0.4566818103077733,41.0,15.0,1.7327407318284909,0.9051215535571306
1690,01_15_A0115137030000300025z,0.5,0.4208582096382771,40.0,18.0,1.7328898462610087,0.9086857547427096
1691,01_15_A0115137030000500022z,0.3333333333333333,0.3182697329240053,36.0,21.0,2.0007856278782525,0.7546660001121172
1692,01_15_A0115137030000500025z,0.5,0.2299403760295734,44.0,21.0,1.7328859380341983,0.7813292709119593
1693,01_15_A0115137030000500030z,0.5,0.25251627544693034,36.0,16.0,1.4149571641392118,0.7888274415603367
1694,01_15_A0115137030000500035z,0.3333333333333333,0.29176653879719844,37.0,20.0,1.7328229279101588,0.8035671546389144
1695,01_15_A0115137030000500045z,0.5,0.26798814087986844,37.0,18.0,1.4148946283811592,0.8042555782122055
1696,01_15_A0115137030000600017z,0.3333333333333333,0.8657508487272528,50.0,22.0,2.000598353251114,1.1919543648791309
1697,01_15_A0115137030000600047z,0.6666666666666666,0.11231686418134218,40.0,17.0,0.0767170099732795,0.6886943196065201
1698,01_15_A0115137030000800027z,0.3333333333333333,0.29694774049827244,47.0,28.0,1.7328726738467324,0.7464150656340037
1699,01_15_A0115137030000800031z,0.5,0.4845231534726216,32.0,16.0,1.4157187008892709,0.6735967571865877
1700,01_15_A0115137030000900017z,0.3333333333333333,0.9261173103607769,49.0,22.0,2.000363456302027,1.2260080724448683
1701,01_15_A0115137030000900025z,0.5,0.4181284953777213,40.0,18.0,1.7329358814309306,0.9091717105700964
1702,01_15_A0115137030000900035z,0.5,0.21155603616601934,40.0,26.0,1.4146620711476638,0.5562349133863249
1703,01_15_A0115137030001300048z,0.5,0.4011501870596066,41.0,21.0,1.0005429384090687,0.8065243709913109
1704,01_15_A0115137030001500033z,0.5,0.27177976088752176,35.0,20.0,1.7325443012823605,0.8213366551968144
1705,01_15_A0115137030001500035z,0.3333333333333333,0.3248606335632094,41.0,21.0,1.7325577378499737,0.8154758646582382
1706,01_15_A0115137030001500045z,0.3333333333333333,0.1822541729439967,50.0,26.0,1.001945306389492,0.6455004248874378
1707,01_15_A0115137030001500052z,0.3333333333333333,0.21006909152851186,59.0,33.0,0.0719250514615963,0.6656531717333268
1708,01_15_A0115137030001800035z,0.3333333333333333,0.21475355363442414,39.0,17.0,1.7322973686255716,0.5589770606773787
1709,01_15_A0115137030001800046z,0.6666666666666666,0.12387470162271336,40.0,19.0,0.08080288510603198,0.6820932990873534
1710,01_15_A0115137030001900025z,0.5,0.4088377731961221,40.0,18.0,1.7329349796831068,0.9030698716892775
1711,01_15_A0115137030002300017z,0.3333333333333333,0.9318763356100572,49.0,22.0,2.0004524545540177,1.2324676390806657
1712,01_15_A0115137030002300027z,0.5,0.5012633099044363,40.0,18.0,1.733431616009055,0.9926868225552452
1713,01_15_A0115137030002500036z,0.5,0.2618839569457594,41.0,16.0,1.7331242573759291,0.8056607646835618
1714,01_15_A0115137030003800040z,0.6666666666666666,0.2680781007988914,33.0,16.0,1.0021455738758218,0.6634018883989351
1715,01_15_A0115137030004600029z,0.5,0.3992779203990169,42.0,22.0,1.7327173242104656,0.8253837538767055
1716,01_15_A0115137030004600039z,0.6666666666666666,0.3672954646421375,35.0,14.0,1.4153980772267387,0.7766167967664815
1717,01_15_A0115137030005200027z,0.5,0.5012633099044363,40.0,18.0,1.7334238477948503,0.9935422537541568
1718,01_15_a0115137030005900058z,0.6666666666666666,0.22425128017635587,34.0,24.0,1.0033334140163035,0.5514369436079501
1719,01_15_A0115137030006200015A,0.3333333333333333,0.6070363546055674,57.0,27.0,2.0023001403930603,1.1478255670851534
1720,01_15_A0115137030006200015B,0.3333333333333333,0.7000790664092037,58.0,26.0,2.0044008628238403,1.1478021056842778
1721,01_15_A0115137030006600050z,0.6666666666666666,0.22791308946124175,36.0,20.0,1.001072652258946,0.6637473583158119
1722,01_15_A0115137030007700031z,0.8333333333333334,0.3622084478646467,26.0,14.0,1.0012986567460465,0.6316118902776822
1723,01_15_A0115137030008200019A,0.3333333333333333,0.3845590296720616,44.0,20.0,2.0012601738961027,0.9116004688689262
1724,01_15_A0115137030008200019B,0.3333333333333333,0.3220588042762665,47.0,23.0,2.00136240402025,0.8755645858925081
1725,01_15_A0115137030008200023z,0.5,0.41195175966231856,36.0,14.0,1.7332075773728275,0.6143010889352168
1726,01_15_A0115137040000200024z,0.5,0.2572001161963449,36.0,15.0,1.7328094152367228,0.8380830097863335
1727,01_15_A0115137040000400034z,0.5,0.2603674602250177,39.0,16.0,1.4151419967892809,0.8103096810910653
1728,01_15_a0115137040002200033z,0.6666666666666666,0.4881172754443342,33.0,14.0,1.4158941311342281,0.7066843117759117
1729,01_15_A0115137040004500024z,0.3333333333333333,0.4090761367579761,51.0,28.0,1.733345437138389,0.927822982791506
1730,01_15_A0115137040004500029z,0.5,0.346380838905315,38.0,16.0,1.4151057344708962,0.8603788113506912
1731,01_15_A0115137040004600027z,0.5,0.5307426819698443,42.0,23.0,1.7334600120018755,0.9445660962248928
1732,01_15_a0115137040007100066z,0.3333333333333333,0.2842375405668163,54.0,32.0,1.4145006858282871,0.7776899734959147
1733,01_15_a0115137040009600025A,0.5,0.1837772531986868,40.0,19.0,1.7346240942700943,0.7263010735261765
1734,01_15_a0115137040009600035A,0.6666666666666666,0.06348816362891563,30.0,19.0,1.4146660033505896,0.6105782408496411
1735,01_15_a0115137040009600050A,0.5,0.00898659998889362,36.0,20.0,1.4152068134705595,0.6708058127517095
1736,01_15_a0115137040009600060A,0.3333333333333333,0.035534997350615494,41.0,20.0,1.4152282718026397,0.6876541997999024
1737,01_15_a0115137040009600070A,0.3333333333333333,0.052663903064822826,42.0,20.0,1.4148394242255475,0.7307356155149055
1738,01_15_a0115137040009600091A,0.3333333333333333,0.2333720954155071,51.0,31.0,1.0007174656721691,0.8818474463919037
1739,01_15_a0115137040009700044T1,0.5,0.2633137801763559,41.0,17.0,1.0012467999083448,0.6608177437343953
1740,01_15_a0115137040009700044T2,0.6666666666666666,0.2870226874811141,41.0,20.0,0.06439879104786952,0.7200219229108585
1741,01_15_a0115137040010600026A,0.6666666666666666,0.2931344301905159,34.0,12.0,1.416019007007267,0.8665176394958025
1742,01_15_a0115137040010600026B,0.6666666666666666,0.5294136163173965,35.0,20.0,1.4156322751585848,0.8623872648581835
1743,01_15_a0115137040010600034A,0.6666666666666666,0.2346121343164204,34.0,19.0,1.4161924966343309,0.6755685210660914
1744,01_15_a0115137040010600057z,0.6666666666666666,0.5000169263799583,41.0,19.0,0.0946140517785914,0.7680029304911028
1745,01_15_A0115137060000200035z,0.5,0.26857847871167195,41.0,16.0,1.7325564412800982,0.7567470545873344
1746,01_15_a0115137060000500024z,0.5,0.4249043156111173,50.0,21.0,1.733292802765661,0.8308426722964324
1747,01_15_A0115137060000700032z,0.6666666666666666,0.2536901412426893,33.0,16.0,1.4169899184804668,0.8022668385894667
1748,01_15_A0115137060000900029z,0.5,0.3254717789598109,42.0,20.0,1.7324497760227089,0.8247327938716585
1749,01_15_A0115137060000900050z,0.3333333333333333,0.2775245675955127,46.0,18.0,1.4151836016280053,0.6931391118168069
1750,01_15_A0115137060001000026z,0.3333333333333333,0.3860914972696701,49.0,21.0,2.00129257226772,0.8527180125117646
1751,01_15_A0115137060001000038z,0.5,0.22056736790843967,38.0,17.0,1.7327301836278173,0.6571127526062586
1752,01_15_a0115137060001400025C,0.3333333333333333,0.4448126022226507,48.0,20.0,2.0007501750648897,0.925431173776028
1753,01_15_a0115137060001400025z,0.16666666666666666,0.4124687208558354,48.0,28.0,2.001495169367647,0.8798464242840539
1754,01_15_a0115137060001400033z,0.6666666666666666,0.3217490848427485,33.0,17.0,1.41545890540656,0.7744672730193861
1755,01_15_a0115137060001400043z,0.6666666666666666,0.1239657210401891,38.0,16.0,1.001204768103364,0.6710875730936524
1756,01_15_a0115137060001400053z,0.5,0.28033082232932355,34.0,20.0,1.0014532935770295,0.6586645590815482
1757,01_15_A0115137060003000030z,0.5,0.4425312398237312,33.0,13.0,1.4158928484417912,0.7486826234821083
1758,01_15_A0115137060003000033z,0.6666666666666666,0.31585205389587223,38.0,16.0,1.4147982029724078,0.7838009404889579
1759,01_15_A0115137060004800042z,0.6666666666666666,0.17856220162271336,39.0,20.0,1.0013064484962189,0.7019229398556445
1760,01_15_a0115137060005400030z,0.6666666666666666,0.43345969436766585,41.0,17.0,1.4150011234964857,0.9322725283624425
1761,01_15_a0115137060005400032z,0.6666666666666666,0.2299403760295734,44.0,17.0,1.4155389631896362,0.8124797833292998
1762,01_15_A0115137060005700032A,0.6666666666666666,0.2621423744933097,35.0,16.0,1.4148751948794374,0.7780426083628962
1763,01_15_A0115137060007300023A,0.6666666666666666,0.4017164972696701,37.0,16.0,1.4162669571581623,0.8788145274074668
1764,01_15_A0115137060007300032z,0.6666666666666666,0.3556495675955127,38.0,14.0,1.4147593415317314,0.7802292589627063
1765,01_15_A0115137060007300040z,0.6666666666666666,0.2270542295327581,40.0,16.0,1.0013823247642897,0.7566353245372474
1766,01_15_a0115137060007600041A,0.5,0.21585133476846696,41.0,22.0,1.4159592135663346,0.5771324505519521
1767,01_15_A0115137060007600046z,0.5,0.3921335475926516,45.0,21.0,1.4147353395337827,0.6627552658544554
1768,01_15_A0115137060007700061A,0.6666666666666666,0.1946795953369821,40.0,17.0,0.06519652802881783,0.5885970465087937
1769,01_15_A0115137060007900034b,0.6666666666666666,0.4375698131689905,38.0,21.0,1.4152297550569142,0.8766670977970352
1770,01_15_A0115137060008000032A,1.0,0.2054931743112172,18.0,10.0,0.07562031770243145,0.5772058866172074
1771,01_15_A0115137060008000032B,1.0,0.26576429089298514,23.0,15.0,0.04543428911129845,0.6740328019606846
1772,01_15_A0115137060008200066z,0.5,0.3087454450316965,55.0,29.0,0.08678148517819452,0.6630966936635849
1773,01_15_A0115137060008700056a,0.6666666666666666,0.37606723541390574,43.0,23.0,0.07187807274682058,0.6170421894582672
1774,01_15_A0115137060010000032z,0.6666666666666666,0.25297373707225324,28.0,12.0,1.4149821088441166,0.5986435296503849
1775,01_15_A0115137060010000045B,0.6666666666666666,0.22792314971699104,35.0,19.0,1.008352196153649,0.674639996426078
1776,01_15_A0115137060010000045C,0.5,0.4346784973060641,36.0,20.0,1.4158786345764207,0.656075994055476
1777,01_15_A0115137060010900016z,0.3333333333333333,0.7502948242273005,66.0,31.0,2.01197799454647,1.3671124537035555
1778,01_15_A0115137060010900017z,0.3333333333333333,0.7728484023364343,66.0,31.0,2.011953351657419,1.381027687595629
1779,01_15_A0115137060012200049z,0.5,0.13234199663791113,37.0,23.0,1.4152349959226145,0.6277364750504306
1780,01_15_A0115137060012200057z,0.5,0.17896341001394198,37.0,23.0,1.4148475625179937,0.6714182021580051
1781,01_15_a0115137060012900032C,0.6666666666666666,0.14513112931759398,34.0,12.0,1.4144674360799323,0.6204118993238578
1782,01_15_a0115137060012900032D,0.6666666666666666,0.077276331191377,39.0,19.0,1.4150968061114841,0.7323725947414663
1783,01_15_A0115137060014100034A,0.8333333333333334,0.4518111484755768,31.0,18.0,1.0031514990088355,0.7718476328096877
1784,01_15_A0115137060014100035z,0.6666666666666666,0.2367670068800388,43.0,14.0,1.0007051904892257,0.8070097795047566
1785,01_15_A0115137060014100036A,0.6666666666666666,0.18631087817652106,33.0,20.0,1.0021753390236965,0.6927330860317904
1786,01_15_A0115137060015100052E,0.3333333333333333,0.3217955387509336,54.0,24.0,1.0032958992149157,0.8382726466606302
1787,01_15_A0115137060016000045B,0.6666666666666666,0.2428640982369193,29.0,20.0,1.0053698464244991,0.7017035492397419
1788,01_15_A0115137060016300056B,0.3333333333333333,0.37848374265618057,55.0,29.0,1.4159597731512807,1.002350167342279
1789,01_15_A0115137060016800034A,0.8333333333333334,0.2367959225652436,26.0,17.0,1.0042609462564869,0.5637879408641207
1790,01_15_A0115137060016800034B,0.6666666666666666,0.4464104917337014,32.0,18.0,1.4145633429226905,0.621448719495144
1791,01_15_a0115137060016900039z,0.5,0.2092349420177858,45.0,23.0,1.0002998883845282,0.6335814981197241
1792,01_15_a0115137060017000021A,0.3333333333333333,0.3913596845645306,52.0,25.0,2.0067341556724614,0.9434697199921256
1793,01_15_a0115137060017000023B,0.3333333333333333,0.31812663844458844,44.0,23.0,2.00030996768069,0.7850707858625996
1794,01_15_a0115137060017000031z,0.5,0.5828118763624083,42.0,18.0,1.7354232081434269,1.0915417083510317
1795,01_15_a0115137060017000035C,0.8333333333333334,0.6547115825851886,30.0,14.0,1.0012184034547504,0.9144852961368402
1796,01_15_A0115137060017100018C,0.3333333333333333,0.6363631647276011,49.0,19.0,2.000477259513582,0.926259538330476
1797,01_15_A0115137060017100034A,0.6666666666666666,0.2953041048785729,42.0,14.0,1.4160265455077088,0.7887950588828253
1798,01_15_A0115137060017100034D,0.6666666666666666,0.23725461536504236,38.0,11.0,1.4185510494480351,0.8192277958520049
1799,01_15_a0115137060018100032z,0.8333333333333334,0.22286440298069865,28.0,7.0,1.002204733618711,0.8510558180756491
1800,01_15_A0115137060018400033z,0.8333333333333334,0.22447293781578825,28.0,12.0,1.0008919771186404,0.7856244125999238
1801,01_15_a0115137060022400041L,0.5,0.3435315457236593,41.0,20.0,1.4163121313125269,0.9568582546924536
1802,01_15_a0115137060022400068J,0.3333333333333333,1.0097947392108568,49.0,19.0,1.4192498756423266,1.230537169377193
1803,01_15_A0115137070000200034z,0.5,0.29197792146595336,38.0,20.0,1.7324056987445424,0.8114153833746663
1804,01_15_A0115137070000200050a,0.5,0.3154402356032959,34.0,12.0,1.4151749030515302,0.6413901366703559
1805,01_15_A0115137070000200050b,0.5,0.2469255140338197,36.0,17.0,1.4148763691925028,0.6255860104720607
1806,01_15_A0115137070000200062a,0.6666666666666666,0.28854682382391506,37.0,18.0,1.0015963880674117,0.6171829842516011
1807,01_15_A0115137070000800020A,0.3333333333333333,0.658977482381864,54.0,24.0,2.00036518511852,1.0754126497027363
1808,01_15_A0115137070000800032A,0.8333333333333334,0.2610358268602949,29.0,15.0,1.0032418454950012,0.7612714959116739
1809,01_15_A0115137070001800032z,0.6666666666666666,0.2994637040244104,32.0,16.0,1.4148687594807907,0.8029818690904474
1810,01_15_A0115137070002100023z,0.3333333333333333,0.3577628172428735,53.0,23.0,2.000746576172584,0.6832289246184077
1811,01_15_A0115137070002100025z,0.3333333333333333,0.1691969562647755,53.0,23.0,2.0002701420759035,0.715009169614789
1812,01_15_A0115137070002100034z,0.6666666666666666,0.6051193103077733,39.0,18.0,1.4148067715762431,0.8165259654575231
1813,01_15_a0115137070006400021z,0.16666666666666666,0.5735000475110477,54.0,31.0,2.0015183842422197,1.0345826525934865
1814,01_15_a0115137070006400022z,0.16666666666666666,0.7173730135277122,57.0,26.0,2.000161548973725,1.0924356332003695
1815,01_15_A0115137070007500047A,0.5,0.1705902400303705,41.0,22.0,1.4149512320273068,0.7743632129025919
1816,01_15_A0115137070007500056z,0.5,0.20482428729277716,43.0,23.0,1.4146223083829907,0.7714538303985982
1817,01_15_a0115137070009100016A,0.3333333333333333,0.9277969021125202,58.0,27.0,2.0055181652314475,1.3566295942680808
1818,01_15_A0115137070009100027z,0.3333333333333333,1.231479638241248,58.0,26.0,2.005587738503188,1.4316861821187548
1819,01_15_A0115137070009200062z,0.3333333333333333,0.34184660866008343,61.0,29.0,1.0058478071661685,0.7940419066397704
1820,01_15_A0115137070010100014A1,0.3333333333333333,0.6514638108323209,53.0,24.0,2.0027352991359724,1.0731777274733325
1821,01_15_A0115137070010100019A2,0.3333333333333333,0.3593843154029596,38.0,22.0,2.0006485558730347,0.7841946272154678
1822,01_15_A0115137070011100048z,0.5,0.21972939020102866,51.0,25.0,1.4185038441998723,0.8538436392180178
1823,01_15_A0115137070011100053z,0.6666666666666666,0.4447756701443839,40.0,16.0,1.0047647697050213,0.8905604664204051
1824,01_15_A0115137070011100054z,0.3333333333333333,0.4839191563440071,45.0,29.0,1.0025799537126447,0.8176231327502083
1825,01_15_A0115137070011100068B,0.16666666666666666,0.5687157652141064,52.0,38.0,1.4186081922257876,0.939161603230092
1826,01_15_A0115137070011100079z,0.16666666666666666,0.5702079305633094,76.0,45.0,1.003301234810517,0.977060990861744
1827,01_15_A0115137070011200031A,0.8333333333333334,0.25977164209282066,32.0,16.0,1.001241959555164,0.7889799803506226
1828,01_15_A0115137070011200031B,0.8333333333333334,0.15820914209282064,32.0,14.0,1.0012434747428465,0.7137231958754597
1829,01_15_A0115137070011200043z,0.6666666666666666,0.26585527203797177,35.0,17.0,1.0007956168038248,0.7764924965829397
1830,01_15_A0115137070012600032z,0.8333333333333334,0.28904064004666863,25.0,9.0,1.0016219137338327,0.5755053262208181
1831,01_15_A0115137070012600040z,0.6666666666666666,0.21936853616601934,36.0,18.0,1.000521985768442,0.6301026899428611
1832,01_15_A0115137070012600044A,0.5,0.32753091244927224,30.0,16.0,1.4156763003292303,0.5521192783983112
1833,01_15_A0115137070012900056A,0.5,0.20447558946124175,39.0,18.0,1.4153498200115702,0.7131000078523684
1834,01_15_A0115137070012900056B,0.5,0.24755850054329465,40.0,15.0,1.41548345919162,0.6531396867361698
1835,01_15_a0115137070014400018z,0.3333333333333333,0.6064006179111218,61.0,29.0,2.0116029547252507,1.249742601229245
1836,01_15_a0115137070014400027z,0.3333333333333333,0.4675145924154685,60.0,29.0,2.0084618436773707,1.0719073313667655
1837,01_15_a0115137070014400037z,0.5,0.17277491163794356,42.0,20.0,1.7369884397080937,0.8615471072879047
1838,01_15_A0115137070014500032z,0.6666666666666666,0.043899489803184366,34.0,14.0,1.4153093086371646,0.7189118107199736
1839,01_15_A0115137070014500045z,0.5,0.23151506314545225,33.0,19.0,1.4151573479964128,0.6570664452003675
1840,01_15_A0115137070015800032z,0.8333333333333334,0.21319885808515693,26.0,11.0,1.0008310830178375,0.5647919216871072
1841,01_15_A0115137070015800044z,0.6666666666666666,0.4285833105256477,34.0,17.0,1.4146719248527335,0.6120064358953077
1842,01_15_A0115137070015800055z,0.6666666666666666,0.2665249116379436,31.0,19.0,1.000559527994261,0.6692096068536582
1843,01_15_A0115137070016000013z,0.3333333333333333,0.6833363207924802,58.0,27.0,2.0027433535195525,1.109609380847436
1844,01_15_A0115137070016000014z,0.3333333333333333,0.643768356906579,58.0,26.0,2.000941610200636,1.0794360897805697
1845,01_15_A0115137070016000056z,0.3333333333333333,0.6596364294974453,56.0,27.0,1.0052754592974713,0.9781190759748252
1846,01_15_A0115137070016100036A,0.8333333333333334,0.30356220162271336,30.0,11.0,1.0020703845434076,0.7127480809673619
1847,01_15_A0115137070017800032z,0.6666666666666666,0.38940504919375396,34.0,17.0,1.4171884462459456,0.7703486000656418
1848,01_15_A0115137070017800039z,0.3333333333333333,0.18253671618582015,41.0,24.0,1.4153053465983516,0.6440277606767141
1849,01_15_A0115137070017800043z,0.3333333333333333,0.3817327113314513,42.0,22.0,1.4152955614208211,0.680443194165801
1850,01_15_A0115137070017800045z,0.5,0.19010854377621994,41.0,20.0,1.0016398111973943,0.6256065017935417
1851,01_15_a0115137070018500033z,0.6666666666666666,0.3270174708658161,35.0,14.0,1.4241771196288933,0.8901594982657521
1852,01_15_a0115137070018500034A,0.6666666666666666,0.4097578937355365,40.0,14.0,1.4236785698275152,0.8828445541364649
1853,01_15_a0115137070018500034B,0.6666666666666666,0.6200715352272204,32.0,16.0,1.4188113294644455,0.9461879099032641
1854,01_15_a0115137070018500038z,0.6666666666666666,0.6222289284063054,44.0,18.0,1.0017370198364657,1.1010808984227989
1855,01_15_a0115137070018600026z,0.6666666666666666,0.3185679888723474,49.0,22.0,1.4170685362558484,0.8777808447976929
1856,01_15_a0115137070018600030z,0.6666666666666666,0.4484774607779927,51.0,22.0,1.4160589124341882,0.8869679679230005
1857,01_15_a0115137070018600032z,0.5,0.4710151873199395,55.0,25.0,1.7344935925507512,1.0189524520175235
1858,01_15_A0115137070019000029z,0.6666666666666666,0.3473647174563941,40.0,18.0,1.0031239102348009,0.6940614380218993
1859,01_15_A0115137070019000030z,0.6666666666666666,0.3279810597022703,40.0,13.0,1.002153301213543,0.7514843837221011
1860,01_15_A0115137070019000031z,0.6666666666666666,0.2072147531986868,37.0,19.0,1.0008570885689585,0.5910012328387348
1861,01_15_a0115137070019100017z,0.3333333333333333,0.2292943953677932,53.0,25.0,2.0020750158191136,0.7805830992661262
1862,01_15_a0115137070019100022z,0.5,0.524053718759142,43.0,15.0,1.7370778899644876,0.8318205815201367
1863,01_15_a0115137070019100032z,0.6666666666666666,0.2564986484755768,34.0,19.0,1.415674143937777,0.8222877053045112
1864,01_15_a0115137070019100033B,0.6666666666666666,0.23954901159460384,37.0,17.0,1.4151910865791266,0.8090427840185072
1865,01_15_A0115137070020000023z,0.3333333333333333,0.7971575607467525,50.0,25.0,2.000788867131744,0.8600481541517693
1866,01_15_A0115137070020000032A,0.8333333333333334,0.4229451985000408,33.0,9.0,1.00114443551858,0.6868999315387087
1867,01_15_A0115137070020000042z,0.8333333333333334,0.2386449737826992,24.0,9.0,1.002889097073271,0.8483220633697925
1868,01_15_A0115137070020400031z,0.6666666666666666,0.3698316767637312,28.0,16.0,1.0035511210033716,0.7241762119994607
1869,01_15_a0115137070020400032z,1.0,0.6217965022070434,26.0,10.0,0.08063469815232915,1.042592077639678
1870,01_15_A0115137070020800029z,0.3333333333333333,0.2985714453392545,48.0,22.0,2.0013143948023115,0.6789295993945725
1871,01_15_A0115137070020800031A,0.3333333333333333,0.26438718897606084,46.0,22.0,2.002606965390024,0.7842009906907542
1872,01_15_A0115137070021600034z,0.8333333333333334,0.13121775151351026,35.0,13.0,1.000586118898384,0.6479730697768976
1873,01_15_A0115137070022500032z,0.8333333333333334,0.18732985760903784,25.0,11.0,1.0008289070458414,0.6235973082908737
1874,01_15_a0115137070022700038A,0.5,0.33920133232408,41.0,23.0,1.4148287513757458,0.6641943499569004
1875,01_15_a0115137070022700040A,0.3333333333333333,0.3474973014678495,39.0,23.0,1.7329242646302017,0.7140352755441668
1876,01_15_a0115137070022700046A,0.5,0.1410631434348676,32.0,19.0,1.4147066373797683,0.5582057289886735
1877,01_15_a0115137070022700049z,0.5,0.41357192956222055,33.0,17.0,1.4172340274365067,0.6371128460228357
1878,01_15_A0115137070022800032z,0.5,0.2086893772399092,39.0,19.0,1.7328263564600104,0.7411224818422935
1879,01_15_A0115137070022800040z,0.6666666666666666,0.3679136803682616,39.0,20.0,1.4205087318942782,0.8231715805426345
1880,01_15_A0115137070022800050z,0.5,0.2280573230357545,32.0,18.0,1.4161011912949169,0.7463631327466081
1881,01_15_a0115137070023100031B,0.8333333333333334,0.4791879963747971,30.0,10.0,1.0013286736070814,0.8015775842883962
1882,01_15_a0115137070023300036z,0.6666666666666666,0.3031602717094052,38.0,16.0,1.4177600542161009,0.5818313944377336
1883,01_15_a0115137070023300052z,0.5,0.2600828924980947,38.0,19.0,1.4199755963663847,0.5984116214852152
1884,01_15_a0115137070023600031z,0.6666666666666666,0.060660796797764815,38.0,18.0,1.4146192619852211,0.7202157918957243
1885,01_15_a0115137070023600042z,0.6666666666666666,0.3689535282711056,36.0,20.0,1.0016819720364585,0.8127527980137881
1886,01_15_A0115137070024600042A,0.6666666666666666,0.5384501161963449,28.0,16.0,1.0014208721843427,0.7023106468163844
1887,01_15_a0115137070027300062z,0.5,0.18275982243807176,44.0,20.0,1.0209071329772526,0.8665095437744427
1888,01_15_a0115137070028400041z,0.6666666666666666,0.7584287187591422,36.0,13.0,1.0020435333588047,0.8841929274511893
1889,01_15_a0115137070028400043z,0.6666666666666666,0.4662477134807938,28.0,15.0,1.0023112781470782,0.8093441020254979
1890,01_15_a0115137070028400049A,0.8333333333333334,0.3686319818237727,35.0,17.0,0.04801336670638612,0.7895351674146636
1891,01_15_A0115137130000100027z,0.5,0.3660969147338828,35.0,14.0,1.7332280642495632,0.6756402751948712
1892,01_15_a0115137130000100031N,0.8333333333333334,0.35478185080425445,25.0,12.0,1.0022899104703762,0.6741544011412633
1893,01_15_a0115137130000100031S,0.6666666666666666,0.355286103923072,27.0,15.0,1.4159143130531124,0.6782094150048937
1894,01_15_A0115137130000100031z,0.6666666666666666,0.09559692671394804,36.0,11.0,1.417094597624322,0.7075698937291423
1895,01_15_A0115137130000600033z,0.6666666666666666,0.3825923206745584,32.0,17.0,1.4157190557059736,0.7373632213647412
1896,01_15_A0115137130000700013z,0.3333333333333333,0.8741094601192313,62.0,29.0,2.0085517307421337,1.3789158521398903
1897,01_15_A0115137130000700014z,0.3333333333333333,1.2169564415364982,58.0,26.0,2.004305582436113,1.4154597760505705
1898,01_15_A0115137130000700016z,0.3333333333333333,1.1209003503883823,58.0,26.0,2.0037663638096417,1.357174338025738
1899,01_15_a0115137130002100014z,0.5,0.7622377364066194,62.0,30.0,1.7773440334866626,1.5164192302444284
1900,01_15_a0115137130002100028z,0.5,0.24142580194831664,54.0,26.0,1.7422329459597514,0.9144924674276472
1901,01_15_A0115137140000100030z,0.5,0.3684919518704737,38.0,19.0,1.7329033144794652,0.8900297054192152
1902,01_15_A0115137140000100032z,0.6666666666666666,0.3077831246062489,30.0,16.0,1.4153008150163215,0.8234657240834693
1903,01_15_a0115137140000800035A,0.8333333333333334,0.3357737498021435,23.0,10.0,1.0003558198561129,0.6453450769346663
1904,01_15_a0115137140001100025A,0.8333333333333334,0.22892564087986844,30.0,10.0,1.0015666949897182,0.8003439147493105
1905,01_15_a0115137140001100036A,0.8333333333333334,0.3395522174563941,23.0,10.0,1.0003707688545511,0.6593416258105746
1906,01_15_a0115137140001300039C-1,0.6666666666666666,0.5562646414975753,29.0,13.0,1.0046138334638544,0.7146966582110549
1907,01_15_a0115137140001300039C-2,0.6666666666666666,0.5640771414975753,37.0,16.0,1.0039714634144814,0.7188931151287065
1908,01_16_a0116133020000100037z,0.5,0.4783360692411408,41.0,24.0,1.4146136048979532,0.7589984175038414
1909,01_16_a0116133020000300028z,0.5,0.20062271348079386,38.0,19.0,1.732390097585793,0.7800031549559162
1910,01_16_a0116133020000300034z,0.6666666666666666,0.37497814004666863,31.0,17.0,1.4149761281105404,0.7800482354813182
1911,01_16_a0116133020000300045z,0.5,0.3780061250805932,36.0,18.0,1.4150670398625491,0.6224231371493838
1912,01_16_a0116133020001200027z,0.5,0.44916596856225743,49.0,21.0,1.7329404075945458,0.9314488175473072
1913,01_16_a0116133020001400022z,0.5,0.3193095954155071,43.0,19.0,1.7325088047684438,0.8523662861062926
1914,01_16_a0116133020001400031z,0.6666666666666666,0.28343143085854505,36.0,17.0,1.4148812215275737,0.8412939637961268
1915,01_16_a0116133020001400043z,0.6666666666666666,0.07655249035125378,35.0,13.0,1.0005153930553994,0.6014392488778829
1916,01_16_a0116133050000100024A,0.5,0.3009409953777213,35.0,19.0,1.7323795886507496,0.7705686825280668
1917,01_16_a0116133050000100024B,0.5,0.33888682074254073,49.0,18.0,1.7324038252050653,0.8140448476626635
1918,01_16_a0116133050000200026z,0.5,0.4030740844353152,44.0,18.0,1.732618867638669,0.8618281258457852
1919,01_16_a0116133050000200033z,0.6666666666666666,0.3249476886633149,28.0,10.0,1.4150560229615021,0.7632024164069712
1920,01_16_a0116133050000400033z,0.8333333333333334,0.4421421072734587,28.0,15.0,1.0019368154818673,0.6673184746859937
1921,01_16_a0116133050001000032A,0.6666666666666666,0.3550703937355365,35.0,17.0,1.4153130744277254,0.8494306656044666
1922,01_16_a0116133050001100032A,0.6666666666666666,0.3275881701443839,40.0,14.0,1.415105109847931,0.845827268791396
1923,01_16_a0116133050001100032B,0.8333333333333334,0.1908778760295734,34.0,14.0,1.0010946212302092,0.6726470061541999
1924,01_16_a0116133050001500023z,0.6666666666666666,0.37722364463145264,35.0,15.0,1.4151190402366385,0.9187495193900652
1925,01_16_a0116133050001500031z,0.6666666666666666,0.2295190419394949,35.0,16.0,1.4151593807875096,0.7634887313491483
1926,01_16_a0116133050001500040z,0.6666666666666666,0.41787855363442417,41.0,18.0,1.00061582846485,0.6327901227331739
1927,01_16_A0116133070000200025z,0.5,0.3800193293920876,45.0,19.0,1.732475250424207,0.8523044134479396
1928,01_16_A0116133070000200031z,0.6666666666666666,0.37423830194831664,32.0,16.0,1.414771166862525,0.7145191938646023
1929,01_16_A0116133070000200041z,0.5,0.216062103329606,32.0,15.0,1.4149073571726565,0.5996945765722548
1930,01_16_a0116133070000300026z,0.5,0.4535755123368143,44.0,20.0,1.7336421574802032,0.8406422258256904
1931,01_16_a0116133070000300033z,0.6666666666666666,0.26664063337508537,28.0,14.0,1.4149999550518089,0.7676483581228598
1932,01_16_A0116133070000300044z,0.5,0.2815781978490945,33.0,17.0,1.4150024626226505,0.7192532423547529
1933,01_16_a0116133070000900024A,0.6666666666666666,0.4481386367579761,35.0,17.0,1.4147628561504608,0.9009488078260548
1934,01_16_a0116133070000900024B,0.5,0.3293082912213913,41.0,18.0,1.73251394432843,0.8616294689414602
1935,01_16_a0116133070002400024z,0.6666666666666666,0.4391492570939217,31.0,13.0,1.4147545214746668,0.907949423019299
1936,01_16_a0116133070002400033z,0.6666666666666666,0.28818231374235875,29.0,18.0,1.4150609658848792,0.6078291075822692
1937,01_16_A0116133080000100031z,0.5,0.2322303996494661,39.0,20.0,1.732351370573869,0.7955288697407711
1938,01_16_A0116133080000100041z,0.5,0.24317566362891566,35.0,20.0,1.4149236169851036,0.670760040716335
1939,01_16_a0116133080000200025z,0.5,0.4161384456264776,38.0,17.0,1.7345947079166582,0.9127872597080058
1940,01_16_a0116133080000200032z,0.5,0.31594619171148874,41.0,16.0,1.7324387635631613,0.7408060392869356
1941,01_16_a0116133080000200044z,0.5,0.19243053855060374,36.0,14.0,1.4148870117463244,0.6680291752922547
1942,01_16_A0116133080000300025z,0.3333333333333333,0.40388874009055303,50.0,26.0,1.7343936361411119,0.8712159852265869
1943,01_16_A0116133080000300034z,0.3333333333333333,0.2487625591016549,38.0,18.0,2.0002564141144967,0.7941679684561698
1944,01_16_A0116133080000500024A,0.5,0.3674650125780445,41.0,19.0,1.7322974435354381,0.9015935821632508
1945,01_16_A0116133080000500024B,0.16666666666666666,0.2821499116379436,55.0,29.0,2.000829494846113,0.8476446019326722
1946,01_16_A0116133080000500032z,0.8333333333333334,0.3288328513832093,34.0,11.0,1.0014398282278356,0.8442374658650167
1947,01_16_A0116133080000500042N,0.5,0.3121734253030666,35.0,19.0,1.4159812799377205,0.6843181624179263
1948,01_16_A0116133080000500042S,0.5,0.36141162226218493,39.0,17.0,1.4158741799339662,0.6709067281887598
1949,01_16_a0116133080000800024z,0.6666666666666666,0.445693793885184,30.0,21.0,1.0010070220116607,0.8477972055750572
1950,01_16_A0116133090000200032z,0.6666666666666666,0.4742629197219217,33.0,15.0,1.4153982618239964,0.7466536769167051
1951,01_16_a0116133090001200024z,0.6666666666666666,0.4274247606111871,31.0,13.0,1.4153557249218576,0.8970231810443489
1952,01_16_a0116133090001200032B,0.6666666666666666,0.3081584856190228,33.0,15.0,1.4147601862851684,0.6616907008771327
1953,01_16_a0116133090002100022z,0.6666666666666666,0.3158700834562965,32.0,13.0,1.4146000636996168,0.7536286795201423
1954,01_16_a0116133090002100030A,0.6666666666666666,0.4116749451867239,32.0,16.0,1.4149397594940671,0.781418084705102
1955,01_16_a0116133090002100030B,1.0,0.3351454691022045,21.0,6.0,0.039876128290881684,0.5256611416032563
1956,01_16_a0116133090002100031A,0.8333333333333334,0.3321578102914036,30.0,11.0,1.001208878504242,0.8044997662195459
1957,01_16_a0116133090002600032z,0.6666666666666666,0.4637867161858202,24.0,12.0,1.4150673701805978,0.5474204767439821
1958,01_16_a0116133092000100025B,0.8333333333333334,0.2887775549655888,28.0,15.0,1.0017637735360478,0.7112969596413825
1959,01_16_a0116133092000200025A,0.6666666666666666,0.18190991238415266,27.0,18.0,1.4145257546513563,0.5327172535807982
1960,01_16_a0116133093000500025B,0.8333333333333334,0.21526737449330968,30.0,13.0,1.0021674629033095,0.7946844403281585
1961,01_16_A0116133094000100033z,0.6666666666666666,0.3574722488846229,33.0,16.0,1.4148608331261259,0.7704989313440985
1962,01_16_A0116133094000100034z,0.6666666666666666,0.16402444587240386,36.0,12.0,1.415601702121874,0.6045924710956352
1963,01_16_A0116133094000100044a,0.5,0.4173478754678349,36.0,14.0,1.4151589706921155,0.6216765016900537
1964,01_16_A0116133094000100044b,0.5,0.16304350968989556,36.0,10.0,1.4147828021262263,0.5963788694828289
1965,01_16_a0116133100000100024z,0.5,0.4030740844353152,43.0,17.0,1.7344851505701768,0.9449411598301762
1966,01_16_a0116133100000100028z,0.16666666666666666,0.31840910866008343,48.0,22.0,2.0008004280885023,0.8343529628988405
1967,01_16_a0116133100000200032z,0.6666666666666666,0.3857830181528945,34.0,13.0,1.4154204520923157,0.8630928359290367
1968,01_16_a0116133100000200042z,0.5,0.2048002157669062,42.0,17.0,1.4152355257943718,0.7309816326917341
1969,01_16_a0116133100000300026z,0.5,0.19156888639782746,37.0,20.0,1.7329501993942982,0.8221901950317299
1970,01_16_a0116133100000300029A,0.3333333333333333,0.35655624762466104,45.0,22.0,1.7327386313814854,0.8470984836404628
1971,01_16_a0116133100000300031B,0.3333333333333333,0.5203599368545477,42.0,22.0,1.7334626061718064,0.7836768818859449
1972,01_16_a0116133100000400021z,0.3333333333333333,0.4031590945940292,49.0,25.0,2.001925823159099,0.9381824611420184
1973,01_16_a0116133100000400023z,0.3333333333333333,0.3795065011820331,46.0,22.0,2.000650108094451,0.8187641643524041
1974,01_16_a0116133100000700028z,0.5,0.39725938957928003,43.0,17.0,1.7346375318797262,0.9363865867512416
1975,01_16_a0116133100000700033z,0.3333333333333333,0.2898226561527933,47.0,22.0,1.7329032668820887,0.833092930007818
1976,01_16_a0116133100001700032B,0.8333333333333334,0.5501835377199187,32.0,12.0,1.0002470697878056,0.7906482982634832
1977,01_16_a0116133110000100032z,0.6666666666666666,0.4921242662379292,41.0,19.0,1.4150497229622112,0.7766611880674478
1978,01_16_a0116133110000200024z,0.5,0.2142376729417551,38.0,16.0,1.7322202815602117,0.7777011017942194
1979,01_16_a0116133110000300024z,0.5,0.32889130402577393,44.0,18.0,1.7324394088607094,0.8458412131136726
1980,01_16_a0116133110000400029z,0.6666666666666666,0.2517955898646833,30.0,16.0,1.4147083315178193,0.7680124192643205
1981,01_16_a0116133110000400031z,0.6666666666666666,0.3799312943262412,31.0,16.0,1.4148588872247958,0.7762030673253899
1982,01_16_a0116133110000500032z,0.6666666666666666,0.499552706728919,38.0,17.0,1.4152609288341087,0.7663929084180725
1983,01_16_a0116133110000900024z,0.5,0.394486023974056,46.0,19.0,1.7325450120549584,0.8836551333529212
1984,01_16_a0116133110001100025z,0.5,0.430068793885184,49.0,21.0,1.7325569625958317,0.9187489859534216
1985,01_16_a0116133110001900023z,0.5,0.4039798982951584,41.0,16.0,1.7325566115133988,0.9169558592423409
1986,01_16_a0116133110001900033z,0.6666666666666666,0.35228868036826155,38.0,17.0,1.4150722064219283,0.8538455646733257
1987,01_16_a0116133110002100024z,0.16666666666666666,0.2515599460131752,57.0,28.0,2.0025262210164647,0.6973374018561199
1988,01_16_a0116133110002100034z,0.6666666666666666,0.2974351694611301,34.0,14.0,1.4158063519335038,0.8277221741497596
1989,01_16_a0116133110002200026z,0.3333333333333333,0.4607271381776656,46.0,22.0,2.000778202610741,0.7889004532154613
1990,01_16_a0116133110002300029z,0.6666666666666666,0.4552185775301343,38.0,18.0,1.4146919385208745,0.8171846443806247
1991,01_16_a0116133110002300038z,0.6666666666666666,0.4820593056962738,34.0,15.0,1.4153033614953134,0.6599237312528683
1992,01_16_a0116133110002400023z,0.5,0.2983551536496372,48.0,19.0,1.7327789282104509,0.8320208577165843
1993,01_16_a0116133110002400033z,0.6666666666666666,0.359707847071266,36.0,14.0,1.4166902953559461,0.8739720965893463
1994,01_16_a0116133110002400043z,0.5,0.3671603573201154,42.0,17.0,1.0022117367637864,0.6919642866659198
1995,01_16_a0116133110003000028z,0.8333333333333334,0.2678927362907337,31.0,16.0,1.001820292591453,0.6334391227723831
1996,01_16_a0116133110003000033A,0.6666666666666666,0.3556204450316965,42.0,16.0,1.4150295968159474,0.6290569675265392
1997,01_16_a0116133110003000033B,0.6666666666666666,0.32336761229314426,38.0,17.0,1.4149172371460037,0.8603014820908358
1998,01_16_a0116133110003500026z,0.5,0.4528773517152288,48.0,21.0,1.7329476365153096,0.9360582449085064
1999,01_16_a0116133110003700031z,0.5,0.5349172976167657,35.0,17.0,1.7335581948844832,0.81021304571974
2000,01_16_a0116133110003700038z,0.6666666666666666,0.24993684812738765,37.0,16.0,1.0010695671613536,0.7535507415354971
2001,01_16_a0116133110003900023z,0.5,0.4313367570939217,43.0,19.0,1.7341771122423717,0.9326873463902634
2002,01_16_a0116133110003900032A,0.6666666666666666,0.3400251819247705,28.0,17.0,1.4155629857964576,0.8138355339860709
2003,01_16_a0116133110003900032B,0.6666666666666666,0.27751110663605105,36.0,17.0,1.4153255754683258,0.825872274881825
2004,01_16_a0116133110004100032z,0.6666666666666666,0.3967555526464067,33.0,17.0,1.4155652039267743,0.7640835327677724
2005,01_16_a0116133110004100038z,0.6666666666666666,0.2823774986233765,37.0,17.0,1.001926620297909,0.7027556501415133
2006,01_16_a0116133110004100042z,0.6666666666666666,0.2912426664784717,37.0,17.0,1.0020942610685486,0.7151055136967344
2007,01_16_a0116133110004200032z,0.6666666666666666,0.3270907210401891,35.0,13.0,1.0031994683826702,0.627342050733995
2008,01_16_a0116133110004400030A,0.6666666666666666,0.30324674452454914,34.0,15.0,1.4153118390853392,0.8263586043600537
2009,01_16_a0116133120000300024z,0.5,0.3915467069137014,46.0,19.0,1.73249855166453,0.8776225151340413
2010,01_17_a0117136030000400032z,0.6666666666666666,0.3479312860020645,32.0,17.0,1.4156586192034148,0.8517531304480072
2011,01_17_a0117136030000400039z,0.6666666666666666,0.23385932382391506,33.0,15.0,1.4161177955246318,0.6824385729235909
2012,01_17_a0117136030000400043z,0.6666666666666666,0.17087129833960202,39.0,20.0,1.001672851874684,0.6759013555846349
2013,01_17_a0117136040000200026z,0.5,0.4415352710233029,42.0,15.0,1.7327306756753165,0.8428048802233948
2014,01_17_a0117136040000200032z,0.6666666666666666,0.4878195011886121,24.0,14.0,1.4155975169669432,0.7197697559837022
2015,01_17_a0117136040000200043z,0.5,0.3924963187631493,40.0,13.0,1.0009371963175924,0.645909448675701
2016,01_17_a0117136060000100033A,0.5,0.4434928374423055,41.0,16.0,1.7331091915002488,0.802557884436384
2017,01_17_a0117136060000300023z,0.5,0.4838769236543447,43.0,15.0,1.7326205093202969,0.8905322030815581
2018,01_17_a0117136060000800033z,0.8333333333333334,0.4944667493765694,34.0,16.0,1.0019768539621223,0.7515458976076743
2019,01_17_a0117136060000800034z,0.6666666666666666,0.4588267596623186,36.0,12.0,1.4147065283682236,0.6666079193307699
2020,01_17_a0117136060000800045z,0.5,0.14202890785337596,37.0,13.0,1.4150617267941237,0.6261255340867907
2021,01_17_A0117136060001000024z,0.3333333333333333,0.5020141518411668,53.0,24.0,2.001978468019205,1.0069619606925768
2022,01_17_A0117136060001100027z,0.5,0.3913596845645306,49.0,21.0,1.7329160575953593,0.9268719939563312
2023,01_17_A0117136060001300022z,0.5,0.4273771321109695,40.0,16.0,1.732757138551614,0.8114533669353559
2024,01_17_A0117136060001300031z,0.6666666666666666,0.25429779447431433,40.0,17.0,1.4146238966034692,0.6618045664245612
2025,01_17_A0117136060001300040z,0.6666666666666666,0.1162302673912739,41.0,24.0,1.0016858135196762,0.6416168239601233
2026,01_17_a0117136060001800025z,0.8333333333333334,0.4293215000625923,29.0,12.0,1.0013502749983882,0.525101762180875
2027,01_17_a0117136060002000031B,0.6666666666666666,0.17598940298069865,35.0,17.0,1.4173511810086594,0.840843003751724
2028,01_17_a0117136060002000033z,0.5,0.16858228956267307,41.0,20.0,1.414474898985968,0.5943015453703322
2029,01_17_a0117136060002400031A,0.6666666666666666,0.16059401051387334,28.0,15.0,1.4151646365230073,0.5808859876705927
2030,01_17_a0117136060002400040z,0.6666666666666666,0.12025208691790112,35.0,21.0,1.0012927048707805,0.6319319654477581
2031,01_17_a0117136060002500032A,0.8333333333333334,0.08640104239095159,28.0,14.0,1.001763990787074,0.7002762204265469
2032,01_17_a0117136060003000033A,0.6666666666666666,0.4501333408658972,35.0,18.0,1.0024114529474923,0.7908713385956695
2033,01_17_a0117136060003000033B,0.8333333333333334,0.5299176258653484,34.0,12.0,1.0023733542876176,0.926832440343206
2034,01_17_a0117136060003000052z,0.3333333333333333,0.5205375605827226,53.0,23.0,1.0014255684022917,0.8882550580728312
2035,01_17_a0117136070000200030z,0.3333333333333333,0.2299403760295734,47.0,28.0,1.732520786346508,0.7749289135398989
2036,01_17_a0117136070000200056z,0.3333333333333333,0.1393875591016549,50.0,30.0,1.419111776527751,0.7989659396218586
2037,01_17_a0117136070000700024z,0.8333333333333334,0.13820273268441585,32.0,11.0,1.0005097831504648,0.7507063445587816
2038,01_17_a0117136070000700042z,0.5,0.22307286389733194,32.0,16.0,1.4154482835389115,0.6171672850542295
2039,01_17_a0117136080000200023B,0.5,0.34893269540185945,49.0,21.0,1.7330042338772278,0.8690448632022736
2040,01_17_a0117136080000200032A,0.6666666666666666,0.3302186859358248,36.0,15.0,1.4157697337752475,0.6616195266741938
2041,01_17_a0117136080000200032B,0.6666666666666666,0.3483851886633149,35.0,16.0,1.4155890958001824,0.8462655748198289
2042,01_17_A0117136090000400024b,0.5,0.3611709433052148,46.0,18.0,1.7324993176080894,0.8066699562943787
2043,01_17_a0117136090000400033z,0.6666666666666666,0.3835471845645306,30.0,15.0,1.4164892568937495,0.8805182033283873
2044,01_17_a0117136090000400043z,0.5,0.4203959866948381,37.0,16.0,1.4154912203968917,0.6467673236692617
2045,01_17_a0117136090001200026z,0.5,0.2269205261124305,52.0,21.0,1.7322868337875934,0.6978884625830154
2046,01_17_a0117136090002800033z,0.8333333333333334,0.2549019270443299,27.0,9.0,1.0012832325162788,0.5982490763388795
2047,01_17_a0117136100000400025z,0.5,0.4281095498576437,44.0,18.0,1.7327094954379851,0.9004159685470112
2048,01_17_a0117136100000400033A,0.6666666666666666,0.4920196168336882,31.0,15.0,1.4149075433008989,0.7102103359365413
2049,01_17_a0117136100001200024z,0.5,0.3377035282711056,41.0,15.0,1.7324706292315235,0.820083580791779
2050,01_17_a0117136100001300036z,0.6666666666666666,0.3899675763277587,28.0,16.0,1.4168260317027808,0.6657620807165152
2051,01_17_a0117136100001400026z,0.5,0.41769335330383417,46.0,18.0,1.7328509557201883,0.8574310430646247
2052,01_17_a0117136100001400034z,0.8333333333333334,0.41681817287906825,31.0,14.0,1.0022878802679782,0.6751783894187293
2053,01_17_a0117136100001400042z,0.5,0.123076252349487,36.0,17.0,1.415049185810899,0.665389492871624
2054,01_17_a0117136100001500046c,0.5,0.3927575470440132,40.0,15.0,1.4152595218414123,0.6315846891084613
2055,01_17_a0117136100002300024z,0.5,0.2948351874811141,49.0,21.0,1.7329215061129506,0.8353524926474629
2056,01_17_a0117136100002300025z,0.5,0.3643478120176621,43.0,22.0,1.7324356923094006,0.8635764047588936
2057,01_17_a0117136100002300042a,0.5,0.22674941342495866,42.0,20.0,1.4150945270743918,0.7224765330619549
2058,01_17_a0117136100003500024A,0.6666666666666666,0.4775123480243161,33.0,17.0,1.4147058320985957,0.7839034867250961
2059,01_17_a0117136100003500032z,0.6666666666666666,0.3173208034577715,36.0,15.0,1.41454168159134,0.6061447947402527
2060,01_17_a0117136100003500041z,0.6666666666666666,0.17532119171148874,37.0,15.0,1.0005417696154135,0.6464085208097347
2061,01_17_a0117136100003600032A,0.8333333333333334,0.3128529873953293,32.0,15.0,1.0019793784273159,0.6637251346544678
2062,01_17_a0117136100003700031z,0.6666666666666666,0.3773920068800388,38.0,14.0,1.4151806153995092,0.8682686966462522
2063,01_17_a0117136100003700043z,0.6666666666666666,0.2474091508314604,37.0,19.0,1.0024025923656188,0.7275279646180435
2064,01_17_a0117136100004000034z,0.8333333333333334,0.1283778760295734,34.0,10.0,1.000590076688881,0.7114133398843313
2065,01_17_a0117136100005100022z,0.5,0.3383295068800388,43.0,19.0,1.7321950811222142,0.8825711895254595
2066,01_17_a0117136100005100026z,0.6666666666666666,0.4372019146187256,35.0,15.0,1.4155828051030226,0.8574041951891974
2067,01_17_a0117136100005100032A,0.6666666666666666,0.1161532210401891,35.0,16.0,1.4146602958264338,0.6915004580401736
2068,01_17_a0117136100005100032B,0.6666666666666666,0.2567782210401891,38.0,16.0,1.4149058537372394,0.6355774135366195
2069,01_17_a0117136100005100034z,0.5,0.2637857967977648,37.0,14.0,1.4158503558464741,0.6373153201536144
2070,01_17_a0117136100005100047z,0.6666666666666666,0.0671648618384153,38.0,19.0,1.0021775471017689,0.7653577113803568
2071,01_17_a0117136100005500023z,0.6666666666666666,0.33583293056330943,38.0,12.0,1.414663131243297,0.9074807852304052
2072,01_17_a0117136100005500032z,0.6666666666666666,0.3389765407957899,27.0,10.0,1.4148569913884748,0.610671226834299
2073,01_17_a0117136100005700032A,0.6666666666666666,0.3702520869179011,34.0,11.0,1.4153471157810114,0.5958322146083113
2074,01_17_a0117136100006600032A,0.6666666666666666,0.17157098999962472,38.0,20.0,1.4156001143813204,0.7115513886947135
2075,01_17_a0117136100006600033z,0.6666666666666666,0.028062798284448017,42.0,16.0,1.4147414984044298,0.6405504297438539
2076,01_17_a0117136100006600035A,0.6666666666666666,0.05725417294399671,30.0,12.0,1.4147990783132982,0.5801696677150769
2077,01_17_a0117136100007200031z,0.6666666666666666,0.32562271348079386,36.0,13.0,1.4166754829024253,0.6577705635073177
2078,01_17_a0117136100007200032z,0.6666666666666666,0.2048206060976604,35.0,7.0,1.4153655789082784,0.5471390103147937
2079,01_17_a0117136100007200033z,0.6666666666666666,0.2543933526191365,33.0,7.0,1.4150436178101158,0.6747380227696946
2080,01_17_a0117136100007200050z,0.5,0.3486198732750564,41.0,17.0,1.4143443687798374,0.7126023096726806
2081,01_17_a0117136100007300023A,0.8333333333333334,0.3428728279871727,26.0,16.0,1.000816973602392,0.7356716869587682
2082,01_17_a0117136100007400034z,0.6666666666666666,0.008803059053148043,38.0,15.0,1.4254359681105908,0.8125480930051667
2083,01_17_a0117136101000100022z,0.5,0.432429978316724,40.0,19.0,1.734133370002304,0.9047504296928496
2084,01_17_a0117136101000100024z,0.5,0.4288368583248903,45.0,18.0,1.732687261384061,0.906938180095424
2085,01_17_a0117136110000300024z,0.6666666666666666,0.2786707453680797,39.0,14.0,1.4146068002994934,0.8292623205097122
2086,01_17_a0117136110000300043z,0.5,0.4842056257588824,39.0,17.0,1.415765474098572,0.7014635835406026
2087,01_17_a0117136110000700030z,0.5,0.27641123707225324,39.0,19.0,1.7328729247963413,0.6979587889122806
2088,01_17_a0117136110001600024B,0.6666666666666666,0.35424261229314424,38.0,17.0,1.4150690070767027,0.8874073126193441
2089,01_17_a0117136110001600024C,1.0,0.43970502823934976,21.0,10.0,0.045108915634594564,0.8880483039282933
2090,01_17_a0117136110001600038z,0.6666666666666666,0.2853273799729037,29.0,12.0,1.4147172862381514,0.5133348862116245
2091,01_17_a0117136110001600043z,0.6666666666666666,0.2770189200790323,26.0,16.0,1.0006834308373385,0.6441246131402489
2092,01_17_a0117136110002100023A,0.6666666666666666,0.6525034953777213,33.0,14.0,1.0002923264359027,0.8815816445266135
2093,01_17_a0117136110002100023B,0.8333333333333334,0.5769509625428725,30.0,14.0,1.0013389460844877,0.6972746383136675
2094,01_17_a0117136110002100023C,0.6666666666666666,0.3217955387509336,44.0,19.0,1.414672972524436,0.8072375113533432
2095,01_17_a0117136110002100033z,0.8333333333333334,0.2353997163672919,25.0,16.0,1.0011154524460586,0.5818841727762659
2096,01_17_a0117136110002100041z,0.5,0.13350135188131065,36.0,24.0,1.003249469219085,0.6499485805941195
2097,01_17_a0117136110002100050z,0.6666666666666666,0.08423494201778581,31.0,16.0,1.000879025494748,0.6389116246641023
2098,01_17_a0117136110002400024z,0.6666666666666666,0.3390331246062489,38.0,13.0,1.4149449768655078,0.829125317618271
2099,01_17_a0117136110002400033z,0.6666666666666666,0.2901848709487814,31.0,15.0,1.4152255968888836,0.599406842323781
2100,01_17_a0117136110002400041z,0.6666666666666666,0.20828852897338326,29.0,17.0,1.0030120857321652,0.6751019997792949
2101,01_17_a0117136110002700023z,0.5,0.42793010398029796,29.0,15.0,1.7341293122918646,0.7193535987358598
2102,01_17_a0117136110002700031z,0.6666666666666666,0.3087751819247705,35.0,15.0,1.4149185097799253,0.8353660384256303
2103,01_17_a0117136110002700040z,0.6666666666666666,0.11616850968989555,31.0,13.0,1.002903804369188,0.633197494993719
2104,01_17_a0117136110003300033a,0.6666666666666666,0.306022983779088,34.0,17.0,1.0002412437381207,0.6549159257025714
2105,01_17_a0117136110003300033B,0.8333333333333334,0.11551202233608547,27.0,13.0,1.0003789793783338,0.6673391875341187
2106,01_17_a0117136110003300034z,0.8333333333333334,0.4048996083234261,28.0,13.0,1.0025963438191607,0.7092621902858542
2107,01_17_a0117136120000400026A,0.5,0.3887880182760503,52.0,21.0,1.7327548892715856,0.9197272850868852
2108,01_17_a0117136120000400026B,0.5,0.4714532031084178,45.0,23.0,1.7326758103215494,0.9441760724279358
2109,01_17_a0117136120000400033A,0.6666666666666666,0.3440773474052865,32.0,16.0,1.4151801761300602,0.7687809663849067
2110,01_17_a0117136120000400033B,0.6666666666666666,0.3467065419394949,32.0,16.0,1.4152913126953948,0.7632563840306008
2111,01_17_a0117136120000500024z,0.6666666666666666,0.02188902252638869,36.0,18.0,1.414962437419622,0.783304536883278
2112,01_17_a0117136120000500032z,0.8333333333333334,0.3819180073224953,33.0,16.0,1.0009535868416692,0.6319574454371066
2113,01_17_a0117136120000500043z,0.5,0.3566969562647755,36.0,19.0,1.420417257147062,0.6781938672423484
2114,01_17_a0117136130000100025z,0.6666666666666666,0.3834550658678889,48.0,19.0,1.4150031165569932,0.8963561131698516
2115,01_17_a0117136130000300025z,0.6666666666666666,0.3804576944527687,48.0,19.0,1.4148949249884415,0.8969494638026562
2116,01_17_a0117136130000700024z,0.6666666666666666,0.35655624762466104,35.0,15.0,1.4148258592066918,0.8624227170717347
2117,01_17_a0117136130000700033A,0.6666666666666666,0.10700955368508558,32.0,17.0,1.4154087775387163,0.5519283464405415
2118,01_17_a0117136130000700033B,0.6666666666666666,0.15040153185099991,38.0,16.0,1.4145855007077717,0.8171650318338054
2119,01_17_a0117136130000700033C,0.6666666666666666,0.12567659823691935,40.0,16.0,1.4147221674041306,0.6015606589172576
2120,01_17_a0117136130000700033z,0.6666666666666666,0.34000638639782743,40.0,14.0,1.4152823152329057,0.8409214118001438
2121,01_17_a0117136130001300032z,0.6666666666666666,0.2825698533723435,36.0,14.0,1.4148584363655707,0.7992550727619723
2122,01_17_a0117136130001600032A,0.6666666666666666,0.20595844786464668,33.0,14.0,1.0050426509182422,0.5297210734731421
2123,01_17_a0117136130001600032B,0.6666666666666666,0.2020907210401891,33.0,14.0,1.0039278992062903,0.5289765203243371
2124,01_17_a0117136130002400034C,0.6666666666666666,0.3940959856190228,40.0,16.0,1.4161850389840955,0.7375163523872783
2125,01_17_a0117136150000300024z,0.5,0.41769335330383417,40.0,16.0,1.4158732539413372,0.8861313263828365
2126,01_17_a0117136150000300043z,0.5,0.39572389861028257,40.0,13.0,1.0009226084425784,0.6490007568579803
2127,01_18_a0118138040000400025z,0.5,0.3800193293920876,45.0,18.0,1.7326124413520878,0.8907158747089291
2128,01_18_a0118138040000400033z,0.6666666666666666,0.28354360731801986,36.0,13.0,1.4152791022965696,0.8229145858899185
2129,01_18_A0118138040000700025z,0.16666666666666666,0.4149585046235277,49.0,29.0,2.0009296198115685,0.8928340749033625
2130,01_18_A0118138040000700030z,0.5,0.18200832430587302,37.0,15.0,1.7325676326572563,0.7784962099168151
2131,01_18_a0118138040000800025f,0.5,0.4049821629723501,32.0,15.0,1.7330910869494776,0.8347269838235349
2132,01_18_a0118138040000800033a,0.6666666666666666,0.32307069676834443,30.0,15.0,1.4148661679473022,0.6653742214098329
2133,01_18_a0118138040000800033c,0.6666666666666666,0.1955496343164204,38.0,9.0,1.4150175877637576,0.6974247681545078
2134,01_18_A0118138040000900037z,0.3333333333333333,0.4418287066706543,42.0,24.0,1.7333935260115276,0.8286437855993182
2135,01_18_A0118138040001800025z,0.5,0.4504122178312842,49.0,21.0,1.7328023975929812,0.9365019464828044
2136,01_18_A0118138040001900026z,0.5,0.4351860646740966,51.0,21.0,1.7327741584431149,0.9186263765682788
2137,01_18_a0118138040002400025z,0.5,0.4274173982951584,46.0,20.0,1.733062611380504,0.902829684710975
2138,01_18_a0118138040002400032z,0.6666666666666666,0.3674650125780445,39.0,20.0,1.415306971673994,0.8874732216696515
2139,01_18_A0118138040002700032z,0.8333333333333334,0.11367279447431433,34.0,8.0,1.0010485991161522,0.7927032898259133
2140,01_18_A0118138040002700045A,0.6666666666666666,0.1126767591708927,39.0,19.0,1.0013935143365351,0.6873841045394993
2141,01_18_A0118138040002800032A,0.6666666666666666,0.4356636163173965,40.0,16.0,1.4145945662755823,0.6485648687624476
2142,01_18_a0118138110000400025z,0.5,0.499544939494928,49.0,18.0,1.7327252533884177,0.9228634341272518
2143,01_18_A0118138110000700034z,0.6666666666666666,0.32261761229314423,34.0,16.0,1.4158690308866222,0.7509841957320437
2144,01_18_A0118138110000800025z,0.3333333333333333,0.3915467069137014,48.0,21.0,2.001391034599465,0.8864307639817207
2145,01_18_A0118138110000900037z,0.5,0.11616850968989555,42.0,20.0,1.4152930159372736,0.7027616612781468
2146,01_18_A0118138110000900047z,0.5,0.13990265388955392,40.0,21.0,1.4165533842038531,0.6841181925757849
2147,01_18_A0118138110001200017z,0.3333333333333333,0.7295583590463909,51.0,24.0,2.0064900703880317,1.1687066492143414
2148,01_18_A0118138110001200021z,0.3333333333333333,0.4274173982951584,52.0,24.0,2.001294220810029,0.9105022664798548
2149,01_18_A0118138110001200025z,0.5,0.4088377731961221,48.0,21.0,1.732651401167426,0.9013622678235232
2150,01_18_A0118138110001300017z,0.3333333333333333,0.7622377364066194,51.0,24.0,2.0066897531871075,1.1968535534298428
2151,01_18_A0118138110001300021z,0.3333333333333333,0.4430497606111871,52.0,24.0,2.001360864041048,0.9180386165601008
2152,01_18_A0118138110001300025z,0.5,0.430068793885184,48.0,21.0,1.7329082272350682,0.928306226745644
2153,01_18_A0118138110002100031z,0.8333333333333334,0.4337454450316965,35.0,14.0,1.0019107691159432,0.607388126185782
2154,01_18_a0118138120001000032z,0.6666666666666666,0.30715507999340264,28.0,18.0,1.4152663090972015,0.7928184939546931
2155,01_18_A0118138130000100031z,0.5,0.1354796773508687,33.0,20.0,1.7329022356930934,0.6177588282196642
2156,01_18_a0118138130000200026z,0.6666666666666666,0.4149585046235277,37.0,13.0,1.41666818519744,0.9542867520239264
2157,01_18_A0118138130000200045z,0.3333333333333333,0.2518846770841452,45.0,16.0,1.415267291065512,0.6368455595768704
2158,01_18_A0118138130000400028z,0.5,0.6646011218601129,43.0,20.0,1.7361282528895112,0.8692248394802446
2159,01_18_A0118138130000400032z,0.6666666666666666,0.5640551122931442,36.0,16.0,1.4149916094637922,0.7734253364749437
2160,01_18_A0118138130000600048z,0.3333333333333333,0.2217065419394949,43.0,20.0,1.4162816067406696,0.5810487957203588
2161,01_18_a0118138130000800030z,0.6666666666666666,0.3515025200021562,35.0,19.0,1.4148330104720168,0.887096811098105
2162,01_18_a0118138130000800042z,0.5,0.44728073060041856,39.0,13.0,1.4153942366527843,0.6347257827866094
2163,01_18_A0118138130000900019z,0.3333333333333333,0.6138912546152416,41.0,21.0,2.0035189224285803,1.0397513450158395
2164,01_18_A0118138130000900021z,0.5,0.3915467069137014,42.0,18.0,1.7351192918949991,0.9181306611358978
2165,01_18_A0118138130000900025z,0.16666666666666666,0.4030740844353152,47.0,28.0,2.0008018209037735,0.8673281381652931
2166,01_18_A0118138130000900032z,0.6666666666666666,0.26911569148936176,37.0,14.0,1.415165770521527,0.7484401809961856
2167,01_18_a0118138130001000025B,0.3333333333333333,0.31135167452116863,48.0,22.0,2.0008381021458024,0.8474088335048837
2168,01_18_a0118138130001400031A,0.8333333333333334,0.4908245881529998,31.0,16.0,1.0010934956817166,0.6572572041909845
2169,01_18_a0118138130001400031B,0.8333333333333334,0.07107364029484753,32.0,12.0,1.0009455981708697,0.7740178499836046
2170,01_18_a0118138130001400031C,0.6666666666666666,0.3584805073224953,31.0,12.0,1.4155742274934335,0.6122706305053172
2171,01_18_A0118138130001600032z,0.6666666666666666,0.27078852897338324,35.0,16.0,1.414634316167708,0.5880790805685951
2172,01_18_A0118138130001700052z,0.5,0.2258068530838001,34.0,16.0,1.4145681883839234,0.6985719958930202
2173,01_18_a0118138130002000033B,0.6666666666666666,0.6748455181528945,26.0,11.0,1.4151033304157878,0.7981088582798774
2174,01_18_a0118138130002000033C,0.6666666666666666,0.8622475142539285,42.0,16.0,1.4168795138805372,0.9114087858466112
2175,01_18_a0118138150000100031z,0.5,0.14356576996386816,33.0,20.0,1.7328472399815515,0.6268013213665761
2176,01_18_a0118138150000100045z,0.5,0.1851345536850856,39.0,15.0,1.4151117589317015,0.7023457714124592
2177,01_18_a0118138150000100055z,0.6666666666666666,0.1579252157669062,32.0,22.0,1.0012221421883083,0.6750716523333901
2178,01_18_a0118138150000400034z,0.6666666666666666,0.17850003476567933,32.0,17.0,1.4152687047237762,0.628100081871675
2179,01_18_a0118138150000500033z,0.6666666666666666,0.2209583874149702,32.0,17.0,1.4161695608737164,0.7116839641986767
2180,01_18_a0118138150001500025z,0.6666666666666666,0.3500288820238777,44.0,17.0,1.4155243689159465,0.8857978648089013
2181,01_18_a0118138150001500029z,0.6666666666666666,0.30292446438180576,44.0,17.0,1.4156770784708894,0.8564322359860307
2182,01_18_a0118138150001500030z,0.6666666666666666,0.2963072219977856,44.0,17.0,1.415370888058043,0.8490471466283446
2183,01_18_a0118138150001600015z,0.3333333333333333,0.5522986340834858,62.0,29.0,2.0094438730516133,1.1664833975674498
2184,01_18_a0118138150001600023z,0.3333333333333333,0.4920548485800641,51.0,24.0,2.002411690214511,0.8982614792512034
2185,01_18_A0118138150002400043z,0.6666666666666666,0.464597467665045,38.0,18.0,1.0025697567015843,0.6398754992318736
2186,01_18_a0118138150003100035A,0.6666666666666666,0.035534997350615494,38.0,17.0,1.415121561555467,0.6144018766740333
2187,01_18_A0118138151000200034z,0.6666666666666666,0.1603273799729037,31.0,17.0,1.4149396454724026,0.6075548864673118
2188,01_18_a0118138151000200043z,1.0,0.14033544244429774,22.0,21.0,0.07826129320366304,0.6711017480142891
2189,01_18_A0118138151000200047z,0.5,0.18199261229314426,42.0,19.0,1.4147031550034512,0.6989379693223253
2190,01_18_A0118138151000200051z,0.5,0.4194874451867239,38.0,18.0,1.4148286824835343,0.6771190856044877
2191,01_18_A0118138160000400035n,0.6666666666666666,0.6129211999407373,36.0,11.0,1.416200264654384,0.7783163134291219
2192,01_18_A0118138160000400035s,0.6666666666666666,0.25845367284741805,32.0,15.0,1.4151561002390471,0.7247236118210885
2193,01_18_A0118138160000500043z,0.3333333333333333,0.3683615999888936,40.0,20.0,1.4152866938782414,0.6511634963940172
2194,01_18_A0118138160000500053z,0.3333333333333333,0.4456398474052865,53.0,22.0,1.0029076255630556,0.6653772342340025
2195,01_18_A0118138160000600021z,0.3333333333333333,0.4544979012508326,44.0,26.0,1.7331253776518007,0.8660851950290126
2196,01_18_A0118138160000600025z,0.3333333333333333,0.4345704146530263,48.0,26.0,1.7328393718021204,0.846655517096627
2197,01_18_A0118138160000600027z,0.5,0.44908469436766585,39.0,17.0,1.7331424816782317,0.8174430267763938
2198,01_18_A0118138160000600031z,0.5,0.4110007111848748,42.0,20.0,1.7327352856444245,0.7692218608025423
2199,01_18_A0118138160000900029z,0.5,0.3478290297150979,40.0,15.0,1.7327033000958405,0.8735882256245281
2200,01_18_A0118138160001200031z,0.5,0.4400223741979061,44.0,20.0,1.7322490960083854,0.7909481664204845
2201,01_18_A0118138160001200048a,0.5,0.4087085666125433,33.0,21.0,1.414774033358655,0.6735787165829829
2202,01_18_A0118138160001200055z,0.6666666666666666,0.07148659998889363,39.0,17.0,1.0022130654540669,0.6030682161965348
2203,01_18_A0118138160001400023z,0.5,0.3521384456264776,40.0,17.0,1.73326498432773,0.8981702783986648
2204,01_18_A0118138160001400025z,0.5,0.25925698182377266,41.0,17.0,1.7341879786357743,0.802772753799702
2205,01_18_A0118138160001400034z,0.5,0.3070339559623949,38.0,19.0,1.7326981071131564,0.801739970118134
2206,01_18_a0118138160001500033z,0.6666666666666666,0.3462320301470192,40.0,18.0,1.4157852413457672,0.7196665636921973
2207,01_18_A0118138160001600036z,0.6666666666666666,0.3148464559623949,42.0,17.0,1.415848478133972,0.8271343020578593
2208,01_18_A0118138160001900046z,0.5,0.31918720162271336,40.0,19.0,1.001434881099346,0.6658584948067904
2209,01_18_A0118138160001900056z,0.6666666666666666,0.24009793781578825,35.0,20.0,1.001195105404672,0.6483356842902963
2210,01_18_A0118138160002200019z,0.16666666666666666,0.4441426253547952,45.0,25.0,2.0021136155909165,0.925512292417758
2211,01_18_A0118138160002200024z,0.16666666666666666,0.4090587996087785,45.0,22.0,2.0010481478889264,0.8660034908477525
2212,01_18_A0118138160002200039z,0.6666666666666666,0.10372210881574018,34.0,13.0,1.001656820579687,0.5985585248940364
2213,01_18_A0118138160002700028z,0.6666666666666666,0.3285762565717512,44.0,18.0,1.4148484752774788,0.8674168299848465
2214,01_18_A0118138160002700038z,0.6666666666666666,0.3257803189047145,36.0,17.0,1.414994763619906,0.8250293040689837
2215,01_18_A0118138160003100024z,0.6666666666666666,0.408992478316724,30.0,11.0,1.4153942197069505,0.9142733670972516
2216,01_18_A0118138160003100032z,0.8333333333333334,0.27574261229314423,32.0,11.0,1.0015398039824168,0.8245043059374523
2217,01_18_a0118138160003200037z,0.6666666666666666,0.4393520443083952,32.0,17.0,1.4152568344954213,0.7931760549907412
2218,01_18_A0118138160003500070a,0.3333333333333333,0.1822005183374864,52.0,27.0,1.4158651371438549,0.6787176984829791
2219,01_18_a0118138160003700034z,0.8333333333333334,0.2294574040147488,38.0,12.0,1.0014356801751811,0.7733760778669704
2220,01_18_a0118138160003700044z,0.5,0.3512775549655888,45.0,19.0,1.0026319982040783,0.7185140261794316
2221,01_18_A0118138160003900011z,0.3333333333333333,0.7009121081779178,66.0,31.0,2.010550068325136,1.3428362857240508
2222,01_18_A0118138160003900014z ,0.3333333333333333,0.9573535523588256,62.0,29.0,2.0037904996752642,1.3086141756918572
2223,01_18_A0118138160004100049z,0.5,0.26992279447431433,44.0,20.0,1.4151092060681036,0.7869939411992091
2224,01_18_a0118138160004500017B,0.3333333333333333,0.9224186388631926,62.0,29.0,2.0085679822362223,1.3902376456795194
2225,01_18_A0118138160005500032A,0.6666666666666666,0.2752893675370044,39.0,19.0,1.4225269570451682,0.7026642126111308
2226,01_18_A0118138160005700044z,0.5,0.2135262040244104,41.0,21.0,1.437255707448809,0.7043428409341834
2227,01_18_A0118138160005800044z,0.5,0.2178259456264776,39.0,22.0,1.4281202908054225,0.7009352874262761
2228,01_18_a0118138160005900043B,0.3333333333333333,0.5341993207425407,49.0,26.0,1.4230793458338036,0.8159843807570378
2229,01_18_a0118138160006300031A,0.6666666666666666,0.015536702251045087,35.0,12.0,1.4149347600891518,0.6076926871480187
2230,01_18_A0118138170000200059z,0.5,0.2507601561527933,47.0,21.0,1.0042344512969608,0.5918182792090201
2231,01_18_A0118138170000400039z,0.6666666666666666,0.108526331191377,34.0,15.0,1.0008458797175863,0.6259455343158383
2232,01_18_A0118138170000400045z,0.5,0.09601773629073374,37.0,15.0,1.4147174750779707,0.5588935503894654
2233,01_18_A0118138170001200033z,0.6666666666666666,0.2907531746579999,34.0,17.0,1.4159731471838772,0.7508924396456335
2234,01_18_A0118138170001200036z,0.6666666666666666,0.4687173236042917,34.0,17.0,1.4160422636960244,0.7734555224148005
2235,01_18_A0118138170001200043z,0.5,0.22519408152898746,37.0,19.0,1.0014056039859245,0.6995560152781714
2236,01_18_A0118138170001200049z,0.5,0.30796193316140125,38.0,19.0,1.4148654803048415,0.6725616886777749
2237,01_18_A0118138170001200057z,0.5,0.28721183960671115,32.0,20.0,1.414456819329058,0.6656184895187681
2238,01_18_A0118138170001300022z,0.5,0.2292943953677932,52.0,21.0,1.733663840713341,0.7679987105836382
2239,01_18_A0118138170001300032C,0.8333333333333334,0.2324025740422595,30.0,16.0,1.001293419957524,0.6205124820080047
2240,01_18_A0118138170002300066z,0.6666666666666666,0.3656149903512538,23.0,17.0,1.0069470874097846,0.7288279059940361
2241,01_18_A0118138170002700034B,0.6666666666666666,0.42249121875914203,42.0,16.0,1.4167780033038693,0.8303351888406393
2242,01_18_A0118138170002700034D,0.6666666666666666,0.2471784973060641,30.0,13.0,1.4158160866936504,0.6540649097552994
2243,01_18_A0118138190000300050z,0.6666666666666666,0.5136156995553444,36.0,19.0,1.0012128388476076,0.7743479815793031
2244,01_18_A0118138190000400049z,0.8333333333333334,0.15239878054285338,32.0,17.0,1.0018977308019248,0.8184899142116697
2245,01_18_A0118138190000400051z,0.6666666666666666,0.2701795493134339,38.0,16.0,1.4150380994376353,0.7891804240607962
2246,01_18_A0118138200000100043z,0.5,0.13687044503169654,38.0,20.0,1.4149023594235255,0.6124763560900788
2247,01_18_A0118138200000100049z,0.5,0.2528492161858202,32.0,22.0,1.0013532461949175,0.6983041476122696
2248,01_18_A0118138200000100056z,0.3333333333333333,0.2950357967977648,45.0,27.0,1.001889394673776,0.7158179514811718
2249,01_18_A0118138200000100068z,0.5,0.3299983302724601,41.0,27.0,1.00294452612949,0.7072961302288914
2250,01_18_A0118138200000300032z,0.6666666666666666,0.4810396848849863,34.0,17.0,1.4153979625521609,0.7816892648829461
2251,01_18_A0118138200000400018z,0.3333333333333333,0.2322303996494661,47.0,23.0,2.0014907307378214,0.8587879527335099
2252,01_18_A0118138200000500044z,0.6666666666666666,0.2589533950541102,40.0,16.0,1.0023491642904003,0.7709595097957285
2253,01_18_A0118138200000700033z,0.6666666666666666,0.2448316767637312,36.0,16.0,1.4149433127560735,0.7737914299133893
2254,01_18_A0118138200001000032z,0.8333333333333334,0.13755051403381968,28.0,11.0,1.00107066914146,0.6913222305405308
2255,01_18_A0118138200001200033z,0.6666666666666666,0.18066689020102866,37.0,17.0,1.4149573071797643,0.7967524482210446
2256,01_18_a0118138200001500034B,0.6666666666666666,0.2276310247785069,35.0,16.0,1.4156080935105229,0.6821462178110419
2257,01_18_A0118138200001700023z,0.8333333333333334,0.18401036389733194,34.0,11.0,1.0011874991207594,0.7718562312309526
2258,01_18_a0118138210000600033z,0.6666666666666666,0.21243232303575452,40.0,19.0,1.41533252571473,0.6024016337843232
2259,01_18_a0118138210000700033A2,0.6666666666666666,0.2530061250805932,40.0,17.0,1.4145862291331053,0.6363861993226302
2260,01_18_a0118138210001400032D,0.6666666666666666,0.4898106707659661,32.0,15.0,1.4143686861734237,0.8105783626930848
2261,01_18_a0118138220000400034z,0.5,0.2719183072470857,39.0,17.0,1.7337126758594272,0.5804028649250619
2262,01_18_A0118138220000400035z,0.3333333333333333,0.24725403702432705,38.0,21.0,1.7337016764085358,0.7826266766992943
2263,01_18_a0118138220000400036z,0.16666666666666666,0.023073121670808328,55.0,22.0,1.736772091284509,0.6396535704241517
2264,01_18_A0118138220000500026z,0.16666666666666666,0.3586306406312806,47.0,27.0,2.0010789278469807,0.8466299518916045
2265,01_18_A0118138220000500032z,0.5,0.28601303412430124,32.0,19.0,1.7331476411101037,0.7475425230082308
2266,01_18_A0118138220000500043z,0.6666666666666666,0.2255282210401891,32.0,11.0,1.0023496774551288,0.6189738681516187
2267,01_18_A0118138220000900027z,0.3333333333333333,0.3532256489288511,43.0,30.0,1.7324692162357542,0.9068387333368308
2268,01_18_A0118138220000900032z,0.6666666666666666,0.3579066675391981,40.0,18.0,1.41747574277924,0.7809507119555452
2269,01_18_A0118138220002400033z,0.5,0.3643478120176621,33.0,18.0,1.7347590057956834,0.8448111494945957
2270,01_18_A0118138220002400064C,0.6666666666666666,0.24823696438180576,50.0,22.0,1.415806345382184,0.9103539898895024
2271,01_18_A0118138220002800026z,0.6666666666666666,0.4133364064445284,37.0,17.0,1.4153533924677582,0.7106182892327865
2272,01_18_A0118138220002800050B,0.5,0.366954887067919,35.0,21.0,1.415179688680832,0.6231053132450657
2273,01_18_A0118138220003000024z,0.6666666666666666,0.3385051947243997,43.0,19.0,1.4153811150936773,0.6944687786458581
2274,01_18_A0118138240000200028z,0.5,0.3395522174563941,44.0,21.0,1.7323189576856723,0.7931957898895383
2275,01_18_A0118138240000200033z,0.6666666666666666,0.33698420298149834,38.0,19.0,1.415275015979584,0.7630508050343932
2276,01_18_A0118138240000200039z,0.3333333333333333,0.2331875347656793,47.0,24.0,1.4159525726997089,0.6094235912038546
2277,01_18_A0118138240000200046z,0.3333333333333333,0.26345467517889154,51.0,25.0,1.416208332120498,0.6626189237346706
2278,01_18_A0118138240000200056z,0.5,0.2485646686787928,41.0,15.0,1.4171670296022498,0.7245688749927575
2279,01_18_A0118138240000600033z,0.5,0.2556449346975158,46.0,18.0,1.7325204100688214,0.7527312821746952
2280,01_18_A0118138240001400033z,0.6666666666666666,0.3292929022482428,38.0,19.0,1.4152636941361365,0.7652073371595997
2281,01_18_A0118138240001400039z,0.3333333333333333,0.2328427814797496,49.0,24.0,1.415807464778568,0.6151504147020129
2282,01_18_A0118138240001400046z,0.3333333333333333,0.2594442577572518,51.0,25.0,1.4164964179404262,0.6606882221651318
2283,01_18_a0118138240001600060z,0.5,0.6951218225138178,47.0,19.0,1.4207932899446287,0.8948577912229086
2284,01_18_A0118138240002000064A,0.3333333333333333,0.6346790384099827,46.0,26.0,1.4156682479799618,0.922542312670752
2285,01_18_a0118138240002900045A,0.6666666666666666,0.2849198211284856,45.0,20.0,1.4169131098200791,0.8594053132833688
2286,01_18_a0118138240002900051z,0.6666666666666666,0.5718095402838527,42.0,19.0,1.4183880363020764,1.0491627848706384
2287,01_18_a0118138240002900052B,0.6666666666666666,0.6873472206559239,42.0,19.0,1.4184289489308235,1.0538343465851638
2288,01_19_A0119158050000100020z,0.3333333333333333,0.35120088558805296,47.0,23.0,2.0013534889573013,0.8753295161118848
2289,01_19_A0119158050000100027z,0.3333333333333333,0.579106312858116,47.0,23.0,2.002288994448351,1.0008001386335779
2290,01_19_A0119158050000100030z,0.5,0.32885968456453063,40.0,19.0,1.7333779996382046,0.8314282117649759
2291,01_19_A0119158050000100035z,0.5,0.1473333105256477,37.0,18.0,1.7330154533201634,0.8065606855360462
2292,01_19_A0119158050000200027z,0.16666666666666666,0.4774460554871421,50.0,27.0,2.0017116852040915,0.9156831924300464
2293,01_19_A0119158050000200030z,0.3333333333333333,0.4092905100776356,44.0,26.0,1.7340838906250673,0.8966041340632347
2294,01_19_A0119158050000200035z,0.3333333333333333,0.21526036389733194,54.0,35.0,1.733117648017272,0.8046155194530971
2295,01_19_A0119158050000200045z,0.3333333333333333,0.3451765844177982,47.0,29.0,1.0023671520168271,0.7368685986516931
2296,01_19_A0119158050000200055z,0.5,0.3368985939481013,45.0,31.0,1.0044776006011835,0.7243996463165833
2297,01_19_A0119158050000400027z,0.3333333333333333,0.3973103956745083,45.0,23.0,2.0010318258655158,0.9079621558386772
2298,01_19_A0119158050000400030z,0.5,0.2786707453680797,34.0,20.0,1.7328738824708891,0.8189881281152956
2299,01_19_A0119158050000400045z,0.5,0.3159709856190228,35.0,18.0,1.4151492580435847,0.6312363797358107
2300,01_19_A0119158050000400055z,0.5,0.2471181397193045,40.0,21.0,1.4174642806879585,0.7081740213209351
2301,01_19_A0119158050000500020z,0.3333333333333333,0.4060315457236593,44.0,23.0,2.001074161072012,0.8680100216305336
2302,01_19_A0119158050000500027z,0.3333333333333333,0.3736605695202829,45.0,23.0,2.001025974823924,0.8626544631951082
2303,01_19_A0119158050000500035z,0.5,0.23378091244927224,35.0,16.0,1.734496478813483,0.6450951269550982
2304,01_19_A0119158050000600020A,0.3333333333333333,0.3533285282711056,44.0,23.0,2.0006194772271706,0.8408424720759149
2305,01_19_A0119158050000600035A,0.5,0.3679136803682616,33.0,16.0,1.7329838674184623,0.8837164840225011
2306,01_19_A0119158050000800034z,0.6666666666666666,0.2682868017451984,29.0,13.0,1.4156060583895458,0.7706934618033384
2307,01_19_A0119158050001000020z,0.3333333333333333,0.2881384456264776,46.0,23.0,2.0003834829608933,0.7938508691340572
2308,01_19_A0119158050001000035z,0.5,0.2280958575838895,44.0,29.0,1.4153961042166097,0.6820186895532434
2309,01_19_A0119158050001000045z,0.3333333333333333,0.39280643085854505,43.0,31.0,1.4156354504991877,0.6856674417920247
2310,01_19_A0119158050001000055z,0.3333333333333333,0.2118592069137014,61.0,38.0,1.0044374598360832,0.7377740472448737
2311,01_19_a0119158050001200035N,0.6666666666666666,0.3399100078227847,34.0,14.0,1.4155639269650782,0.8482931810645312
2312,01_19_a0119158050001200035S,0.6666666666666666,0.2293934520864259,32.0,17.0,1.4150856084061236,0.7771722077508317
2313,01_19_A0119158050001400027z,0.3333333333333333,0.4002006419335719,45.0,25.0,2.000782426811508,0.9134370190367458
2314,01_19_A0119158050001400035z,0.3333333333333333,0.2347023474052865,52.0,32.0,1.733551851414925,0.6973177115176777
2315,01_19_A0119158050001400045z,0.5,0.23226425966231856,39.0,18.0,1.414677295113033,0.6954334002657264
2316,01_19_A0119158050001500027z,0.5,0.4871837996087785,49.0,21.0,1.7329988826038982,0.9190087932077068
2317,01_19_A0119158050001500033z,0.6666666666666666,0.4007555460862296,36.0,17.0,1.4146514044070342,0.7296955764270738
2318,01_19_A0119158050001600036z,0.6666666666666666,0.4406275201056097,41.0,19.0,1.415669803367554,0.7986252905453116
2319,01_19_A0119158050002000027z,0.5,0.3425703825020452,40.0,15.0,1.732484576789774,0.8601714091817039
2320,01_19_A0119158050003300026a,0.5,0.4337534953777213,46.0,19.0,1.7326160033131233,0.8963780131009558
2321,01_19_A0119158050003300026b,0.3333333333333333,0.3257803189047145,49.0,22.0,2.00067411321893,0.8585301478218962
2322,01_19_A0119158050003300035z,0.6666666666666666,0.3389749840880161,32.0,16.0,1.4151999129935542,0.8426924247780279
2323,01_19_A0119158050003400043z,0.3333333333333333,0.14325049637479714,49.0,21.0,1.4155438550437416,0.7139663279797405
2324,01_19_A0119158050003500025z,0.5,0.4213751022226507,41.0,18.0,1.7340652382581332,0.9580816728125588
2325,01_19_a0119158050005000032z,0.6666666666666666,0.33837064737536404,33.0,15.0,1.4159350354128788,0.7931685727293285
2326,01_19_A0119158050005000034B,0.6666666666666666,0.2497866492363362,30.0,15.0,1.415902983314158,0.7071086631072899
2327,01_19_A0119158050005100033z,0.6666666666666666,0.4528589260494656,34.0,17.0,1.4170771325540006,0.8009044104228727
2328,01_19_a0119158050005200033z,0.6666666666666666,0.4767545217456565,37.0,17.0,1.4158408895484356,0.8032438959291991
2329,01_19_a0119158050005500032z,0.6666666666666666,0.2603151524537868,24.0,15.0,1.416414833131147,0.7410332017375895
2330,01_19_A0119158050005700033a,0.6666666666666666,0.4270651992616047,34.0,17.0,1.4165036281224217,0.7921614688362012
2331,01_19_a0119158050005700033B,0.6666666666666666,0.2283280765315186,34.0,15.0,1.4152718237500437,0.7126483362095886
2332,01_19_A0119158050005700038z,0.6666666666666666,0.4269842523477397,34.0,17.0,1.415889335767965,0.7277761039707046
2333,01_19_A0119158050005800024z,0.5,0.21134638267429207,36.0,18.0,1.733359095106079,0.7174255533115631
2334,01_19_A0119158050005800034z,0.6666666666666666,0.462268085905054,34.0,19.0,1.4156727749095632,0.7485221087487587
2335,01_19_A0119158050006000022z,0.6666666666666666,0.31585205389587223,40.0,12.0,1.4149420001226305,0.8264489761561801
2336,01_19_A0119158050006000031z,0.8333333333333334,0.3341683488806553,30.0,10.0,1.0014725786040235,0.846527378868607
2337,01_19_A0119158050006700063z,0.5,0.4166512040244104,46.0,19.0,1.4146629705435432,0.7024603441727532
2338,01_19_A0119158050006800024z,0.8333333333333334,0.4172089642834324,28.0,11.0,1.0004159272992033,0.6707150964396996
2339,01_19_A0119158050006800032A,0.8333333333333334,0.4612577525638318,31.0,11.0,1.0013752816514774,0.7245317912298429
2340,01_19_a0119158050007100026z,0.5,0.4874155100776356,49.0,21.0,1.7328872740452257,0.9178856177595348
2341,01_19_a0119158050007100034z,0.6666666666666666,0.4002168636361672,36.0,17.0,1.414801426961387,0.7262061951169224
2342,01_19_A0119158050007800026z,0.6666666666666666,0.2526618017451984,40.0,17.0,1.4147359925768952,0.7788932383657385
2343,01_19_A0119158050007800032z,0.8333333333333334,0.3191123505518664,35.0,11.0,1.0011891013940477,0.6912052564435648
2344,01_19_A0119158050007800045z,0.6666666666666666,0.4233688377833403,24.0,16.0,1.0005099737545675,0.6223282485478582
2345,01_19_A0119158050008100032B,0.6666666666666666,0.3085621019436799,38.0,12.0,1.4148312247581882,0.6961641876066585
2346,01_19_A0119158050008100038z,0.5,0.1074025740422595,42.0,16.0,1.4157211064790818,0.6519280662588308
2347,01_19_A0119158050008100044z,0.5,0.28433165046364833,42.0,16.0,1.4149411236587162,0.6688175313731368
2348,01_19_A0119158050008100049z,0.5,0.2878174792290137,46.0,16.0,1.4153614108705903,0.6959858300433088
2349,01_19_A0119158050008600031z,0.6666666666666666,0.16839139671586478,31.0,17.0,1.4160522352035685,0.7295081097598408
2350,01_19_A0119158050010400056z,0.6666666666666666,0.18912846910065595,39.0,20.0,1.002808035726688,0.8965344564492016
2351,01_19_A0119158050010700031z,0.6666666666666666,0.3443101694611301,36.0,13.0,1.4153026169954894,0.8196956717246862
2352,01_19_A0119158050011500032z,0.8333333333333334,0.3936311250805932,29.0,11.0,1.0026252257936747,0.6613164931231355
2353,01_19_A0119158050011500056z,0.6666666666666666,0.3992056597383997,37.0,17.0,1.0013875566686372,0.6713822172107041
2354,01_19_a0119158050012700032A,0.8333333333333334,0.5536532210401891,28.0,8.0,1.0010564050785211,0.5968597815945704
2355,01_19_a0119158050013000032E,0.6666666666666666,0.3767655765315186,42.0,16.0,1.4150513327873195,0.8388109648877199
2356,01_19_a0119158050013200031z,0.6666666666666666,0.3469285212032477,41.0,20.0,1.4151414595625311,0.8466228404700165
2357,01_19_A0119158070000100028z,0.5,0.4107724288069057,38.0,15.0,1.7325362114785172,0.8900002011529282
2358,01_19_A0119158070000100032z,0.6666666666666666,0.34508745060160195,30.0,13.0,1.415504169215535,0.8592747373948427
2359,01_19_A0119158070000100038z,0.5,0.35043720162271336,42.0,20.0,1.4148378284577587,0.7114576012590383
2360,01_19_A0119158070000100042z,0.5,0.2836181743112172,39.0,21.0,1.4156329124612768,0.7183042331546065
2361,01_19_A0119158070000300020z,0.3333333333333333,0.3090159385039705,44.0,23.0,2.0007106860856863,0.8382791775116945
2362,01_19_A0119158070000400020z,0.3333333333333333,0.33043011229314423,50.0,25.0,2.000550483521578,0.8463408184154291
2363,01_19_A0119158070000400027A,0.5,0.34451630402577393,40.0,19.0,1.732626823614131,0.811338507951928
2364,01_19_a0119158070000400038A,0.3333333333333333,0.2513505894612418,44.0,17.0,1.7324341400651784,0.7058680122563415
2365,01_19_A0119158070000400055A,0.5,0.5761264165519485,31.0,19.0,1.4158100070910693,0.7325535601541177
2366,01_19_A0119158070000400055C,0.5,0.2720609610943817,42.0,22.0,1.4159903388996482,0.6825253439698266
2367,01_19_A0119158070000500020z,0.3333333333333333,0.32889130402577393,44.0,19.0,2.000590619350292,0.8173680381485023
2368,01_19_A0119158070000500027z,0.5,0.394486023974056,43.0,15.0,1.7334682648772726,0.8914630055412407
2369,01_19_A0119158070000600020z,0.3333333333333333,0.3217547424062861,50.0,25.0,2.000634885132512,0.8416298997702649
2370,01_19_A0119158070000600027A,0.5,0.1814302553014311,42.0,18.0,1.732209092148245,0.7756517199437042
2371,01_19_a0119158070000800027z,0.5,0.37104612298313455,52.0,21.0,1.7328249416259556,0.8688240338964696
2372,01_19_a0119158070000800042z,0.5,0.3556646160678134,45.0,16.0,1.4153590583996227,0.7019896820112176
2373,01_19_A0119158070000900024z,0.5,0.40662303287830615,40.0,15.0,1.7323368087969109,0.9122936504380724
2374,01_19_A0119158070000900025z,0.5,0.43430150032204,48.0,21.0,1.732789672433963,0.9226139801441752
2375,01_19_A0119158070000900032z,0.6666666666666666,0.30003996077799266,36.0,15.0,1.4149717127718495,0.8311873834098864
2376,01_19_A0119158070001000020z,0.3333333333333333,0.33080511229314424,45.0,23.0,2.0004854474602976,0.8335016182747936
2377,01_19_A0119158070001000055z,0.3333333333333333,0.2601281001443212,56.0,26.0,1.4160452969970707,0.672489747418579
2378,01_19_A0119158070001200033z,0.6666666666666666,0.38245088558805296,32.0,16.0,1.4161703963968573,0.8541069370886721
2379,01_19_A0119158070001200044z,0.5,0.06487076177338669,37.0,17.0,1.4156890901727572,0.6795149797709683
2380,01_19_A0119158070001400020z,0.3333333333333333,0.35899558848362045,48.0,22.0,2.0014673264106566,0.9187875629519636
2381,01_19_A0119158070001600033z,0.6666666666666666,0.1625941675391981,34.0,17.0,1.4154910669381142,0.8299202883115835
2382,01_19_A0119158070001800035z,0.6666666666666666,0.3820924349341562,32.0,15.0,1.415827773641637,0.7591666575958325
2383,01_19_A0119158070001900039z,0.6666666666666666,0.35563138639782743,41.0,21.0,1.4147031928273608,0.8388751622861869
2384,01_19_A0119158070003200033z,0.6666666666666666,0.3517720716663072,30.0,16.0,1.4163788647958553,0.7057570299500437
2385,01_19_A0119158070003700042z,0.5,0.5154887095459362,43.0,15.0,1.416110874964424,0.7326404801679899
2386,01_19_A0119158070003800021z,0.3333333333333333,0.4669320964201283,51.0,22.0,2.00083219069091,0.9119962722939152
2387,01_19_A0119158070003800025z,0.5,0.4274173982951584,48.0,21.0,1.732551204747082,0.915472488979584
2388,01_19_A0119158070003900044z,0.5,0.5196383616935467,36.0,19.0,1.4155790611363273,0.6543783630003689
2389,01_19_A0119158070004300020z,0.3333333333333333,0.3501099831851631,40.0,23.0,2.000470738137051,0.8443572149772701
2390,01_19_a0119158070005200021B,0.3333333333333333,0.24648529447431436,52.0,24.0,2.000412490470011,0.6940197800893637
2391,01_19_a0119158070005200021D,0.3333333333333333,0.19934991266454627,54.0,24.0,2.000814556180416,0.8577389102188127
2392,01_19_a0119158070005200021E,0.3333333333333333,0.31657360663605105,52.0,24.0,2.0009961065653017,0.8584207868981494
2393,01_19_A0119158070005200021z,0.3333333333333333,0.4566818103077733,52.0,24.0,2.0011339460293867,0.9282197682047638
2394,01_19_a0119158070005300034z,0.6666666666666666,0.45232092361845794,32.0,17.0,1.4155378335500524,0.7834069163641275
2395,01_19_a0119158070005600020z,0.3333333333333333,0.3273693530838001,46.0,18.0,2.000498907336977,0.8029386215027872
2396,01_19_a0119158070005700031B,0.6666666666666666,0.2360187647754137,32.0,14.0,1.0012961093338664,0.6648008775343579
2397,01_19_A0119158070006100033A,0.6666666666666666,0.2924628108406326,33.0,12.0,1.4147240418145868,0.6409746553471225
2398,01_19_A0119158070006200021z,0.3333333333333333,0.3972059179326206,51.0,25.0,2.0015237459264923,0.9010404867097002
2399,01_19_A0119158070006200025A,0.5,0.2922240379959554,40.0,18.0,1.7322296635528358,0.7995376873410079
2400,01_19_a0119158070006200025b,0.5,0.4330150757247016,49.0,21.0,1.7333491506405263,0.8434372043897777
2401,01_19_a0119158070006200025c,0.5,0.4150872163672919,49.0,22.0,1.732656320896944,0.873170897809612
2402,01_19_a0119158070006300025a,0.5,0.2625908361414782,40.0,16.0,1.732361534390617,0.7890628046058173
2403,01_19_a0119158070006300025b,0.5,0.4319579520234915,49.0,21.0,1.7335093657298055,0.8468604163069461
2404,01_19_a0119158070006300025c,0.5,0.4153969828104339,49.0,22.0,1.7328047289575117,0.8770073859158973
2405,01_19_a0119158070006300032a,0.6666666666666666,0.4853248480243161,34.0,17.0,1.4156732318635827,0.7717214974931922
2406,01_19_a0119158070006600032z,0.6666666666666666,0.06975899027095832,36.0,17.0,1.414896995104661,0.5682843251038913
2407,01_19_A0119158070006800021A,0.3333333333333333,0.3987150125780445,44.0,25.0,2.000962798252718,0.9129865334595568
2408,01_19_a0119158070006800021b,0.3333333333333333,0.35100899027095833,48.0,22.0,2.000595122690536,0.7045831491376181
2409,01_19_A0119158070006800025z,0.5,0.35808729753566226,43.0,16.0,1.7323618755560648,0.8921730622604019
2410,01_19_A0119158070007200032A,0.8333333333333334,0.2885873661694138,31.0,11.0,1.0004183245059162,0.7021645451242706
2411,01_19_A0119158070007200032B,0.8333333333333334,0.2966548492967021,31.0,11.0,1.000408495820324,0.7015971757008751
2412,01_19_A0119158070007800031z,0.6666666666666666,0.2449371727545603,34.0,14.0,1.4146737221435175,0.7846005041402191
2413,01_19_A0119158070007800042z,0.5,0.1587085666125433,41.0,26.0,1.0016158691352806,0.6354965987533507
2414,01_19_A0119158070007900041z,0.6666666666666666,0.34552936363616715,28.0,17.0,1.4216069562457418,0.8646228991786625
2415,01_19_A0119158070008700032z,0.6666666666666666,0.4242670068800388,38.0,16.0,1.4151024960968597,0.8709545486867302
2416,01_19_A0119158070009700023z,0.6666666666666666,0.21829415634400706,33.0,20.0,1.4155483855075444,0.7729440196530469
2417,01_19_A0119158070010000023z,0.6666666666666666,0.3823075998553333,37.0,17.0,1.414597565711596,0.8696955557408887
2418,01_19_A0119158070010000032z,0.6666666666666666,0.3381510242428297,40.0,15.0,1.4160726416258194,0.8862842406823018
2419,01_19_a0119158070010400033A,0.5,0.4244095716998577,37.0,12.0,1.4144103139033426,0.5966109108576365
2420,01_19_a0119158070010400033B,0.5,0.4852979897860217,36.0,12.0,1.414890842238968,0.7036683112365893
2421,01_19_a0119158070010400043z,0.6666666666666666,0.2056926947243997,42.0,18.0,1.0006068262908543,0.6243586047286993
2422,01_19_a0119158070010700023z,0.6666666666666666,0.33288803412430124,36.0,12.0,1.414825721679384,0.6066930653899681
2423,01_19_a0119158070010700032z,0.6666666666666666,0.2049768675370044,24.0,12.0,1.41467497629789,0.5172290342543439
2424,01_19_a0119158070011600033B,0.6666666666666666,0.4450144146187256,32.0,13.0,1.0006666600532568,0.6950362622646101
2425,01_19_a0119158070011600042z,0.5,0.16760182582378824,48.0,26.0,1.0010942368592797,0.6044479589616073
2426,01_19_A0119158090000400018z,0.16666666666666666,0.2360321434245034,53.0,29.0,2.001183018892546,0.7380471807841634
2427,01_19_A0119158090000400022z,0.3333333333333333,0.2989686859358248,42.0,21.0,2.0013395583746365,0.6393440581799039
2428,01_19_A0119158090000400025z,0.5,0.23073588731195535,40.0,18.0,1.7327782376494396,0.7321281781856968
2429,01_19_A0119158090002400025z,0.5,0.3943697381434844,40.0,20.0,1.7333130434570734,0.9318485549347121
2430,01_19_A0119158090002400032z,0.5,0.26857847871167195,39.0,20.0,1.7325343951215293,0.8338604957975403
2431,01_19_A0119158090003400011z,0.3333333333333333,0.2797975934961517,62.0,29.0,2.0075839069885504,0.9900857691432564
2432,01_19_a0119158090004200022z,0.5,0.4528589260494656,50.0,21.0,1.7328017968818556,0.8032425093934846
2433,01_19_A0119158090004700024z,0.6666666666666666,0.42367380495369467,32.0,16.0,1.4154679127886984,0.8811194088337398
2434,01_19_A0119158090004700030z,0.6666666666666666,0.4187906323877069,33.0,16.0,1.4150695992141358,0.6635931826872579
2435,01_19_A0119158090004700032z,0.6666666666666666,0.4119763343533969,34.0,16.0,1.4152475164555047,0.8664936423601038
2436,01_19_A0119158090004800022z,0.6666666666666666,0.4281095498576437,33.0,17.0,1.4146646253986683,0.900076411690937
2437,01_19_A0119158090005500033z,0.6666666666666666,0.3775345716998577,36.0,14.0,1.4162197961580036,0.6381574863631361
2438,01_19_A0119158090006600031A,0.6666666666666666,0.36318216628375455,34.0,19.0,1.4149914310612497,0.8369724401523557
2439,01_19_A0119158090006800028z,0.6666666666666666,0.34004019817986664,36.0,16.0,1.416703449617044,0.7924406080456442
2440,01_19_A0119158090006800031z,0.6666666666666666,0.3476086229831345,37.0,17.0,1.4155908035264781,0.8762752151107001
2441,01_19_A0119158090007600022z,0.8333333333333334,0.4003068401366984,30.0,10.0,1.0012627016472202,0.8059182380696918
2442,01_19_A0119158090007600032z,0.8333333333333334,0.06126218897606084,30.0,12.0,1.0018386139880175,0.6626669132514933
2443,01_19_A0119158090007600034z,0.8333333333333334,0.4259078102914036,29.0,17.0,1.005733614156418,0.688903512377405
2444,01_19_A0119158090008000031A,0.8333333333333334,0.3303503319313871,26.0,11.0,1.001351820516941,0.811876523477792
2445,01_19_a0119158090011500030z,0.6666666666666666,0.4265188077302066,34.0,17.0,1.4157497778440917,0.7832746629538881
2446,01_19_a0119158090011500032z,0.6666666666666666,0.3099397125476201,35.0,12.0,1.41470213512564,0.640956994384568
2447,01_19_a0119158090011600023A,0.6666666666666666,0.5889981450115666,33.0,17.0,1.4152293101397957,0.8072472482665796
2448,01_19_a0119158090011600032B,0.5,0.4285000347656793,41.0,20.0,1.7334791888090522,0.6873974345847867
2449,01_19_a0119158090013300028z,0.6666666666666666,0.4250983268602949,35.0,15.0,1.4153460987866413,0.7751614207386409
2450,01_19_a0119158090013500025z,0.8333333333333334,0.21879259939324747,32.0,11.0,1.002140685827873,0.6748131318894357
2451,01_19_a0119158090013500031z,0.6666666666666666,0.1424768675370044,32.0,11.0,1.0018111009898765,0.7004207534343699
2452,01_19_A0119158094000100023z,0.6666666666666666,0.43291308946124174,32.0,12.0,1.4145508444835428,0.7315364012955115
2453,01_20_a0120150010000300050z,0.5,0.2190773474052865,38.0,21.0,1.002562587174418,0.6220257447259584
2454,01_20_a0120150010000300060z,0.5,0.2120783950541102,56.0,30.0,0.08634597577429012,0.6319355308873836
2455,01_20_A0120150010001700031z,0.16666666666666666,0.29973838587535395,52.0,23.0,1.737446697487626,0.6962466759978208
2456,01_20_A0120150010001700050z,0.3333333333333333,0.07263332430587299,50.0,28.0,1.4162838507283324,0.6482336466453391
2457,01_20_A0120150010001700065z,0.3333333333333333,0.25086210265127096,65.0,37.0,1.4154199421065423,0.7262227969953108
2458,01_20_A0120150010002500054z,0.6666666666666666,0.3371207912213913,44.0,22.0,1.0030693450239216,0.8245054008287607
2459,01_20_A0120150010003200057B,0.6666666666666666,0.4180346271492259,37.0,17.0,1.4177011405162308,0.9141175590594088
2460,01_20_A0120150010003300046A,0.8333333333333334,0.22101135808515693,34.0,16.0,1.0030646067011264,0.8955842216510491
2461,01_20_A0120150010003300061A,0.8333333333333334,0.2503580261124305,32.0,21.0,1.0047793841798776,0.8204830150465054
2462,01_20_A0120150010003400051z,0.6666666666666666,0.3860914972696701,41.0,18.0,1.4163196752942502,1.003853102558779
2463,01_20_A0120150010003400063z,0.5,0.6285592314312938,56.0,28.0,1.0050887278811875,1.0751234157620357
2464,01_20_a0120150020000200032z,0.6666666666666666,0.32717925141160153,30.0,16.0,1.415107674729396,0.7252079016811235
2465,01_20_a0120150020000200042z,0.5,0.461060099467977,44.0,20.0,1.4159143995561416,0.7032412656399561
2466,01_20_A0120150020000300026z,0.5,0.445693793885184,49.0,21.0,1.7325675353912957,0.9201701402565348
2467,01_20_a0120150020000800025z,0.5,0.2828184669939989,45.0,22.0,1.41478953254687,0.8657828651706592
2468,01_20_a0120150020000800030z,0.8333333333333334,0.1190983395503471,35.0,11.0,1.0010217478197423,0.6264090123728223
2469,01_20_a0120150020000800035a,0.6666666666666666,0.3297687647754137,34.0,12.0,1.0013527425455508,0.6123698915826693
2470,01_20_A0120150020001300024z,0.5,0.3726451944527687,43.0,19.0,1.7325240168705351,0.8913034864243248
2471,01_20_A0120150020001300032z,0.6666666666666666,0.20673971745639408,31.0,16.0,1.4154205268823898,0.7774473428200295
2472,01_20_A0120150020001300047z,0.6666666666666666,0.2674943401366984,36.0,19.0,1.001256526861532,0.7726612429347315
2473,01_20_A0120150020001300058z,0.5,0.09630496022501768,46.0,24.0,1.0016242468491243,0.5749168416118466
2474,01_20_A0120150020002300030z,0.6666666666666666,0.3368604897860217,40.0,16.0,1.4153286166313708,0.8479117689464097
2475,01_20_A0120150040001600035z,0.6666666666666666,0.22341323485234385,36.0,17.0,1.4158415230408632,0.752982424750299
2476,01_20_A0120150040001700027z,0.5,0.3096784973060641,49.0,21.0,1.7326073199642857,0.8395973606840669
2477,01_20_A0120150040001700034z,0.6666666666666666,0.3187788820238777,32.0,13.0,1.4154908661254737,0.8420455372006941
2478,01_20_A0120150040001800026z,0.5,0.4090587996087785,46.0,18.0,1.7326184328254524,0.9228962992355996
2479,01_20_A0120150040002500026z,0.6666666666666666,0.4525585526601167,37.0,15.0,1.4174650795170711,0.9474118229565712
2480,01_20_A0120150040002500032z,0.6666666666666666,0.3636449737826992,38.0,16.0,1.4207778065189705,0.843273231900522
2481,01_20_A0120150040002600024z,0.5,0.34354185982234464,40.0,17.0,1.7342822531525302,0.8751059444084355
2482,01_20_A0120150040002600027z,0.5,0.21945785138320928,40.0,19.0,1.7326719755226472,0.8482985948606552
2483,01_20_A0120150040002700024z,0.5,0.4351058187311305,38.0,16.0,1.7326568153691544,0.8005311969137455
2484,01_20_A0120150040002700032A,0.6666666666666666,0.4545744638147556,34.0,17.0,1.4164470500974309,0.7532009667216647
2485,01_20_A0120150040002700032B,0.6666666666666666,0.4683919411138539,34.0,17.0,1.4159878632826677,0.7561070530045185
2486,01_20_A0120150040002700033z,0.6666666666666666,0.2141147691363815,34.0,12.0,1.4183777176611978,0.6307605762907855
2487,01_20_a0120150040003400031z,0.6666666666666666,0.2375870055412507,32.0,14.0,1.4154300557247037,0.6257740231680221
2488,01_20_a0120150040003400035z,0.3333333333333333,0.08113593558631693,41.0,22.0,1.4145205490774564,0.6024591062895254
2489,01_20_a0120150040003400041z,0.3333333333333333,0.15798969656703432,38.0,21.0,1.4149535235257538,0.5933678917169772
2490,01_20_a0120150040003400049z,0.3333333333333333,0.20543011229314426,35.0,19.0,1.4148607622358615,0.5931688193940414
2491,01_20_A0120150040003800033z,0.6666666666666666,0.3221838187631493,34.0,17.0,1.4145835193708325,0.6044629799736436
2492,01_20_A0120150040004100030z,0.6666666666666666,0.465936783658785,41.0,12.0,1.4163394472280537,0.7386279489590996
2493,01_20_a0120150040005500034z,0.8333333333333334,0.2099032210401891,30.0,15.0,1.0010435504049842,0.6421240728409843
2494,01_20_a0120150041000000021z,0.3333333333333333,0.2352505599981856,43.0,19.0,2.00053674725238,0.7250738235565537
2495,01_20_a0120150041000000028A,0.5,0.3094717789598109,41.0,16.0,1.7329003055702925,0.7901497696204064
2496,01_20_A0120150044000100024a,0.5,0.4240787060490073,36.0,14.0,1.7327288810096848,0.7665049457935579
2497,01_20_A0120150044000100024b,0.5,0.4882339939435243,42.0,25.0,1.7327510748097241,0.8759620920303725
2498,01_20_A0120150044000100024c,0.5,0.4106592789598109,48.0,21.0,1.7327882547008455,0.6886595750267084
2499,01_20_A0120150044000100024d,0.5,0.4294968225138178,42.0,25.0,1.7330817165231225,0.9487156753885516
2500,01_20_A0120150044000100032z,0.6666666666666666,0.3535650888189659,38.0,14.0,1.4153853808676338,0.856338282979027
2501,01_20_A0120150044000100042z,0.5,0.1773097630962639,41.0,18.0,1.4154690989690204,0.6681802722545794
2502,01_20_A0120150045000100024z,0.3333333333333333,0.022296146048418453,48.0,22.0,2.000372155128598,0.7944047501720817
2503,01_20_A0120150045000100032z,0.6666666666666666,0.2344402867117489,34.0,17.0,1.4151193563726443,0.7996327335400389
2504,01_20_A0120150045000100048z,0.5,0.20569432464379275,40.0,17.0,1.4160893089302162,0.6244152576674743
2505,01_20_A0120150050000100025z,0.5,0.3943697381434844,39.0,18.0,1.732374238297805,0.8816915162207519
2506,01_20_A0120150050000100033z,0.6666666666666666,0.4429347630962639,29.0,15.0,1.4154007310371857,0.6982214327354166
2507,01_20_A0120150050000300025z,0.5,0.4947486519239803,40.0,17.0,1.7337776432968677,0.9879758638121672
2508,01_20_A0120150050000400021z,0.5,0.4404934507864363,40.0,17.0,1.734415055231984,0.9654749372784972
2509,01_20_a0120150050000400027z,0.16666666666666666,0.32889130402577393,45.0,22.0,2.000646703661449,0.8468993723668515
2510,01_20_a0120150050000500034z,0.6666666666666666,0.5141416958396063,39.0,17.0,1.41683231328325,0.8293458857126389
2511,01_20_A0120150050000600026z,0.5,0.4213751022226507,44.0,18.0,1.7325317876023083,0.879318520956303
2512,01_20_A0120150050001900033z,0.6666666666666666,0.3046316626807412,34.0,15.0,1.4152540094729618,0.7466891831857985
2513,01_20_A0120150051000100032z,0.6666666666666666,0.2790685797513677,28.0,10.0,1.4152140226905423,0.7751394014630536
2514,01_20_A0120150051000100042z,0.6666666666666666,0.1281772691363815,29.0,17.0,1.0023977345871389,0.6469733242412149
2515,01_20_A0120150070000100022z,0.3333333333333333,0.4645843191527369,46.0,20.0,2.000900843764864,0.9242990734628748
2516,01_20_A0120150070000100028z,0.3333333333333333,0.43430150032204,43.0,20.0,2.0009033071610816,0.8972407772627734
2517,01_20_A0120150070000100035z,0.5,0.3096784973060641,39.0,16.0,1.7327222815967311,0.7937752664256621
2518,01_20_a0120150070003200034z,0.8333333333333334,0.19797479161672984,25.0,11.0,1.0003810541317422,0.6268596379053111
2519,01_20_A0120150080000200017z,0.3333333333333333,0.7101412350267565,58.0,27.0,2.0057201668009172,1.213391502279639
2520,01_20_A0120150080000200033z,0.6666666666666666,0.24508959505176495,31.0,16.0,1.4148359027666368,0.6926743607358957
2521,01_20_A0120150080000200048z,0.5,0.0862648474052865,36.0,20.0,1.4173547262418853,0.5406470910519278
2522,01_20_A0120150080000300024z,0.5,0.4566818103077733,41.0,15.0,1.7328529546903708,0.9460830040112684
2523,01_20_A0120150080000300033z,0.6666666666666666,0.3094717789598109,36.0,13.0,1.4147438722045964,0.8042194653526675
2524,01_20_a0120150090000100024z,0.5,0.4052332096382771,38.0,15.0,1.7333562148843322,0.9096348554455854
2525,01_20_A0120150090001000047z,0.3333333333333333,0.222334333264638,41.0,22.0,1.4156740193484936,0.6284757835830591
2526,01_20_A0120150090001000056z,0.5,0.3209890982369193,41.0,20.0,1.0028486092198643,0.6685944333539681
2527,01_20_A0120150090001200034z,0.6666666666666666,0.3815825818318736,35.0,14.0,1.416435474643465,0.8286349800377355
2528,01_20_a0120150090001900033z,0.8333333333333334,0.33857493429070673,22.0,13.0,1.0022842202130406,0.5812849452197774
2529,01_20_A0120150094000100024z,0.5,0.455867478316724,38.0,14.0,1.7333998703429996,0.8469924454666716
2530,01_20_A0120150094000100033z,0.6666666666666666,0.3865836998615519,32.0,16.0,1.4156631327462772,0.6943574020935951
2531,01_20_A0120150096000100023z,0.5,0.3508181406312806,37.0,15.0,1.7323669507791697,0.861629561688979
2532,01_20_A0120150096000300018z,0.3333333333333333,0.2603151524537868,50.0,21.0,2.0004807930504422,0.8923205771518281
2533,01_20_A0120150100001000024z,0.8333333333333334,0.4154196095383232,34.0,13.0,1.0024024778622025,0.8437445492471124
2534,01_20_A0120150100003500031A,0.6666666666666666,0.42241211572709614,36.0,17.0,1.4149199905219023,0.7251903689973023
2535,01_20_A0120150104000100026z,0.6666666666666666,0.40588838558805296,49.0,21.0,1.4146724158257031,0.8880009921803506
2536,01_20_A0120150104000100043z,0.5,0.4833407210401891,44.0,19.0,1.4155106120160628,0.7274394539551461
2537,01_21_A0121140010000600027z,0.3333333333333333,0.35838452945140403,52.0,25.0,2.001661092429702,0.7782353511042666
2538,01_21_A0121140010000600032b,0.6666666666666666,0.268296444859491,42.0,15.0,1.4150432413475884,0.6652731960669829
2539,01_21_A0121140010000600034z,0.6666666666666666,0.3277447594612036,35.0,17.0,1.4155517387164478,0.8726408086075601
2540,01_21_A0121140010000900031z,0.8333333333333334,0.015488709545936175,30.0,13.0,1.0006626625565385,0.6400447159509122
2541,01_21_A0121140010000900042z,0.3333333333333333,0.2935580131370261,39.0,19.0,1.4148824840786494,0.6689943646740413
2542,01_21_a0121140011000100038z,0.6666666666666666,0.13388269850004075,28.0,18.0,1.0012219115714964,0.6803964434314524
2543,01_21_A0121140012000100034a,0.6666666666666666,0.17976024049827244,42.0,19.0,1.4176379046325138,0.7026175806194844
2544,01_21_A0121140012000100035z,0.6666666666666666,0.17619786389733194,42.0,19.0,1.417686342054103,0.699333132946564
2545,01_21_A0121140012000100051z,0.3333333333333333,0.20442945187047368,59.0,36.0,1.417420333897233,0.8512729050761411
2546,01_21_A0121140013000200034B,0.8333333333333334,0.14667446438180576,34.0,12.0,1.0005005721782587,0.6504606121223724
2547,01_21_A0121140013000200034C,0.8333333333333334,0.11542446438180574,28.0,9.0,1.0017495131996068,0.6827498183355294
2548,01_21_A0121140030000200025z,0.5,0.3593843154029596,45.0,18.0,1.7327547944086774,0.8716900988452085
2549,01_21_A0121140030000200033A,0.8333333333333334,0.3230765635816256,32.0,14.0,1.0015931080013154,0.8343622772559206
2550,01_21_A0121140030000200033B,0.6666666666666666,0.23762337628644176,28.0,15.0,1.4152176999441823,0.6196122292153673
2551,01_21_A0121140030000200040z,0.3333333333333333,0.4679235924370849,43.0,20.0,1.0009391401464531,0.6445704272179489
2552,01_21_A0121140030000200043z,0.3333333333333333,0.4515927814797496,40.0,20.0,1.0013112605291763,0.640973330985816
2553,01_21_A0121140030000500024A,0.5,0.4259991101495215,43.0,16.0,1.7326052295408931,0.914109114893814
2554,01_21_A0121140030000600018z,0.3333333333333333,0.4213751022226507,49.0,21.0,2.002315699995732,0.9534762425215032
2555,01_21_A0121140030000600025z,0.5,0.2315302186349849,44.0,18.0,1.7323126477288502,0.7922020760782715
2556,01_21_a0121140030000700026z,0.3333333333333333,0.4313506489288511,52.0,27.0,1.7337826652857344,0.8932752922668307
2557,01_21_a0121140030000700043z,0.3333333333333333,0.14492279447431433,49.0,21.0,1.4156026451244352,0.6668457362697863
2558,01_21_A0121140030001000049z,0.6666666666666666,0.3739810096898956,54.0,34.0,0.0719463632860172,0.6542928499939767
2559,01_21_A0121140030001300032z,0.3333333333333333,0.3393106803069916,42.0,15.0,1.003345536683774,0.7037466029806031
2560,01_21_A0121140030001400025z,0.5,0.4274173982951584,35.0,16.0,1.7337809222810936,0.9256450021652184
2561,01_21_A0121140030001400045z,0.5,0.1317782210401891,38.0,17.0,1.414860601942924,0.6944468774955698
2562,01_21_A0121140030001700027z,0.3333333333333333,0.1001755122365774,45.0,21.0,1.7347108539048388,0.724309429095113
2563,01_21_A0121140030001700032z,0.16666666666666666,0.1217953799330469,51.0,28.0,1.7340003388300425,0.7067952103114019
2564,01_21_a0121140030001700037z,0.3333333333333333,0.11970377544693035,50.0,27.0,1.419277993314339,0.73442785275235
2565,01_21_a0121140030002000025z,0.5,0.3545999840880161,45.0,18.0,1.7328482613710277,0.8825392789658694
2566,01_21_a0121140030002000028z,0.5,0.2936263932848797,37.0,18.0,1.7329624891845892,0.8021108372364522
2567,01_21_a0121140030002000033A,0.8333333333333334,0.2862441510586053,34.0,11.0,1.0014601276432855,0.8345413971452368
2568,01_21_a0121140030002000033B,0.6666666666666666,0.34699837628644176,36.0,17.0,1.4153289042734178,0.7107329466070362
2569,01_21_a0121140030002000043z,0.3333333333333333,0.5320199149399713,41.0,20.0,1.001250899669039,0.6500120973288477
2570,01_21_a0121140030004000051z,0.5,0.21622115582279774,34.0,19.0,1.4196328933124691,0.7689684906027574
2571,01_21_a0121140030004300050z,0.5,0.11336682149165632,41.0,22.0,1.0016468818095436,0.5987129438788638
2572,01_21_a0121140030004300085z,0.16666666666666666,0.39837569687025853,58.0,27.0,0.0798228940666668,0.7458311077085842
2573,01_21_a0121140030004600027z,0.3333333333333333,0.44366899627429857,46.0,20.0,2.0026320569575824,0.9208587745644268
2574,01_21_a0121140030004600065R,0.3333333333333333,0.19444749951118934,45.0,28.0,1.0017351851992318,0.6346570705598306
2575,01_21_a0121140030004600067M,0.6666666666666666,0.2834668161806546,34.0,16.0,1.001866915112622,0.629513007242796
2576,01_21_a0121140030004600079L,0.3333333333333333,0.15604185982234464,49.0,31.0,1.0006481139117942,0.6833169795076051
2577,01_21_A0121140030006300032A,0.8333333333333334,0.2411532210401891,30.0,14.0,1.000812868485065,0.6316543586592853
2578,01_21_A0121140030006300032B,0.8333333333333334,0.15863261664458472,30.0,11.0,1.0002132046820624,0.6635179387708235
2579,01_21_a0121140040000100023z,0.5,0.3092513932848797,46.0,18.0,1.7324069920638885,0.8289755958683318
2580,01_21_a0121140040000100032z,0.6666666666666666,0.29568587817652103,32.0,16.0,1.4148677736708486,0.8024864603858088
2581,01_21_a0121140040000100043z,0.5,0.2210660531085003,40.0,17.0,1.4152301080451977,0.6748188576038935
2582,01_21_a0121140060000100023z,0.5,0.3303385242428297,43.0,21.0,1.7321911946590485,0.8561427352892941
2583,01_21_a0121140060000100032B1,0.8333333333333334,0.3247834780495349,27.0,16.0,1.0015797229372174,0.7651733149691999
2584,01_21_A0121140070000500024a,0.5,0.39725938957928003,43.0,16.0,1.7323468009845493,0.8913912378693918
2585,01_21_a0121140070000500033A,0.6666666666666666,0.4119763343533969,34.0,16.0,1.415015877138488,0.8569721409147011
2586,01_21_A0121140100000200022z,0.5,0.3497512873385317,39.0,17.0,1.7332663931825352,0.8496233084289694
2587,01_21_a0121140100000300033A,0.6666666666666666,0.08130352120324769,45.0,20.0,1.4160893731492552,0.8271539338543148
2588,01_21_a0121140100000800034z,0.6666666666666666,0.41460146195692893,40.0,15.0,1.4162041307372215,0.7913370576364038
2589,01_21_a0121140100000800039z,0.6666666666666666,0.5942686023921542,35.0,15.0,1.4194822772130808,0.9235372780175364
2590,01_21_a0121140100000800049z,0.6666666666666666,0.4276889165519485,39.0,18.0,1.0056748105297904,0.7940744939824689
2591,01_21_A0121140210000100024z,0.5,0.3426832672104636,44.0,18.0,1.7327021197729235,0.7984080821189148
2592,01_21_A0121140210002600051A,0.6666666666666666,0.3949820637699375,38.0,15.0,1.4186957324258718,0.6779124120946766
2593,01_21_a0121140210003400026A,0.5,0.3737315133314096,43.0,20.0,1.7350573683673582,0.8925073413875942
2594,01_21_a0121140210003400026B,0.6666666666666666,0.3710240616706619,41.0,19.0,1.4188570849532611,1.0211929210398585
2595,01_21_A0121140220000400034z,0.6666666666666666,0.3736605695202829,29.0,17.0,1.416140045399635,0.8391364383476652
2596,01_21_A0121140220000600033C,0.8333333333333334,0.08039539249809469,35.0,9.0,1.0012135224295189,0.5365627740620939
2597,01_21_A0121140220000600046A,0.6666666666666666,0.3200229424442977,34.0,20.0,1.0054913002579806,0.6485271827997205
2598,01_22_A0122122010000500025z,0.5,0.42824737688434494,48.0,21.0,1.7329871163461483,0.8151074484994272
2599,01_22_a0122122010000900023z,0.5,0.4021329507699189,48.0,21.0,1.7334875856616154,0.7922232163142259
2600,01_22_A0122122030000100026z,0.5,0.4308173447090464,49.0,21.0,1.7326598648484877,0.923166520727698
2601,01_22_a0122122040000200032A,0.6666666666666666,0.5289488291482972,34.0,17.0,1.415079955786209,0.7575239355176167
2602,01_22_a0122122040003800033z,0.6666666666666666,0.2360774827509834,33.0,16.0,0.062049677670304185,0.6994040629510311
2603,01_22_A0122122050000200032z,0.6666666666666666,0.3533285282711056,30.0,10.0,1.4161371467395305,0.8019659851171016
2604,01_22_A0122122050002300032z,0.6666666666666666,0.3198553606798287,31.0,12.0,1.4159302037613113,0.6199975612771537
2605,01_22_A0122122050002500040z,0.6666666666666666,0.28400819676834443,35.0,14.0,1.0048710176573838,0.6690281733884437
2606,01_22_a0122122060000600024z,0.5,0.6169445424029883,44.0,16.0,1.7325555288445873,0.7943709495323495
2607,01_22_A0122122060000600032z,0.6666666666666666,0.24976738706791896,33.0,17.0,1.4155579790230304,0.815006484351006
2608,01_22_A0122122060000600033z,0.8333333333333334,0.12686934013669834,20.0,12.0,1.001626019860293,0.6512483606386337
2609,01_22_A0122122060000600044z,0.5,0.29948354377621994,42.0,19.0,1.4164837746933536,0.8033956185579979
2610,01_22_A0122122080000500035z,0.6666666666666666,0.39814794244429774,41.0,17.0,1.415380580159266,0.8115475650636896
2611,01_22_a0122122080001400033z,0.6666666666666666,0.5050928919725475,34.0,16.0,1.4157907463798718,0.7960603405100186
2612,01_22_A0122122080001900023z,0.5,0.2547320747834768,39.0,17.0,1.7323516163350179,0.7815259261792306
2613,01_22_A0122122080001900032z,0.6666666666666666,0.2085134456264776,32.0,16.0,1.4151582131526426,0.7853203085710755
2614,01_22_A0122122080002100033b,0.6666666666666666,0.39056319687025853,37.0,14.0,1.4152191586429628,0.8793402920257813
2615,01_22_A0122122090000300025z,0.5,0.46058289007092207,48.0,21.0,1.7328875451439754,0.9220422269698834
2616,01_22_A0122122090000300032z,0.6666666666666666,0.5196140336512015,34.0,17.0,1.4161376447937983,0.7964652164829683
2617,01_22_A0122122090000300042a,0.5,0.19508314528261333,40.0,20.0,1.4148425755778191,0.7000282758781085
2618,01_22_A0122122090000600022z,0.6666666666666666,0.32747354771895504,34.0,17.0,1.415376909852769,0.7771639330895852
2619,01_22_a0122122090002100039z,0.6666666666666666,0.2341548492967021,32.0,14.0,1.4167119015724474,0.9165381018789952
2620,01_22_A0122122100000800033z,0.6666666666666666,0.10372210881574018,36.0,15.0,1.4147670627772195,0.7374918936325737
2621,01_22_a0122122120002800025A,0.6666666666666666,0.4505341508314604,30.0,13.0,1.4153290179075588,0.6236678629204999
2622,01_22_a0122122120003000063A,0.3333333333333333,0.8469375475110477,67.0,36.0,0.07022577248831123,0.9408261253252832
2623,01_22_a0122122120003100032B1,0.6666666666666666,0.2935690011820331,31.0,22.0,1.009323792834196,0.8571978477468616
2624,01_22_a0122122120003100051A2,0.6666666666666666,0.33762469682724605,38.0,18.0,0.10235753181443663,0.7608488558850959
2625,01_22_a0122122120003200025C,0.6666666666666666,0.16554265364963716,28.0,17.0,1.4159723016742334,0.6138523305397671
2626,01_22_a0122122120003200035E2,1.0,0.4109245119347213,21.0,10.0,0.10352087474744656,0.8012416935242644
2627,01_22_a0122122120003400031B-,0.6666666666666666,0.1892959433052148,24.0,18.0,1.4157882964724149,0.6941530214876209
2628,01_22_a0122122120003500031B,0.8333333333333334,0.5743813863978274,36.0,15.0,1.0025899949488248,0.8438804329272164
2629,01_22_a0122122120003500037A,0.6666666666666666,0.4120872143160115,45.0,22.0,0.03613903538634882,0.6877439229908335
2630,01_22_a0122122120003500037C,0.8333333333333334,0.21454568223752835,34.0,13.0,1.0048500622290155,0.6027647181603983
2631,01_22_a0122122120003500061H,0.5,0.4954619331614013,40.0,22.0,1.001903509297723,0.7811611495937718
2632,01_22_a0122122120003600031G,0.8333333333333334,0.2475098428695853,32.0,12.0,1.0030537460126392,0.7650773570928725
2633,01_22_a0122122120003700049A,0.5,0.5647083874149702,47.0,22.0,1.4152234607965852,0.8311927129791178
2634,01_22_a0122122120003800032A,0.6666666666666666,0.2267996343164204,42.0,18.0,1.417032680166154,0.7092570493593534
2635,01_22_a0122122120004000032A,0.6666666666666666,0.23086029447431436,42.0,19.0,1.4168612682265993,0.7084644374488691
2636,01_22_a0122122120004000038A,0.6666666666666666,0.18951773802532712,40.0,19.0,1.4169464511757217,0.7020417813979557
2637,01_22_a0122122120004000038T,0.8333333333333334,0.5199223285352581,32.0,18.0,1.0034287166211928,0.8784013837069626
2638,01_22_a0122122120004000051PT,0.5,0.5730735309813743,85.0,37.0,1.0152602581676886,0.9789788578477414
2639,01_22_a0122122120004400032A,0.6666666666666666,0.2204524827509834,42.0,19.0,1.4171133079570173,0.7117906567802877
2640,01_22_a0122122120004400033TB1,0.6666666666666666,0.4092283117842908,33.0,21.0,1.4157394147593991,0.7693260732511017
2641,01_22_a0122122120004400039A,0.6666666666666666,0.1942960171677518,40.0,14.0,1.4165534918603988,0.6992273676642499
2642,01_22_a0122122130000100025A,0.6666666666666666,0.4349091508314604,34.0,13.0,1.4156663358402746,0.6200711178591559
2643,01_22_a0122122130000100033B,0.6666666666666666,0.4460404390853019,30.0,14.0,1.4151685138636183,0.7234382437306812
2644,01_22_a0122122130000100040A,0.5,0.2675226549705926,37.0,15.0,1.4146472613309076,0.7198031679623778
2645,01_22_a0122122130000100040A1,0.5,0.25846287232590426,31.0,20.0,1.4144132276903656,0.6411408170297365
2646,01_22_a0122122130000200023C,0.6666666666666666,0.16809531029140354,31.0,17.0,1.4155893703247897,0.6335241844438728
2647,01_22_a0122122130000200032A,0.6666666666666666,0.21872814004666866,29.0,15.0,1.4153989809281209,0.607023693956152
2648,01_22_a0122122130000200032D,0.5,0.461634639959108,39.0,16.0,1.4157361956292385,0.8569020855814573
2649,01_22_a0122122130000200032E2,0.6666666666666666,0.3990906813988353,40.0,19.0,1.4184883265715469,0.8198857586929251
2650,01_22_a012212213000300025B,0.5,0.4213751022226507,44.0,15.0,1.7329312468936633,0.9298083673155249
2651,01_22_a012212213000300037E,0.6666666666666666,0.38515339916887015,31.0,23.0,1.0106120059604111,0.8182397801091802
2652,01_23_A0123110011000200029z,0.6666666666666666,0.3612362288205351,36.0,13.0,1.4152809804382185,0.8569465173429778
2653,01_23_A0123110012000300033z,0.8333333333333334,0.2858851886633149,32.0,14.0,1.0023213844721741,0.8394108017667349
2654,01_23_a0123110044000100039z,0.6666666666666666,0.3768713187631493,32.0,11.0,1.416126379910489,0.7530470429393059
2655,01_23_a0123110044000100048z,0.8333333333333334,0.11714944587240385,34.0,16.0,1.0027229904570871,0.7696064517810247
2656,01_23_A0123110070000800055B,0.3333333333333333,0.3486809312939633,45.0,23.0,1.4163233604174006,0.7008916780057731
2657,01_23_A0123110140000100012A,0.3333333333333333,0.9992676332311676,61.0,29.0,2.0048277679821283,1.364206003408143
2658,01_23_A0123110140000100015B,0.3333333333333333,0.6983994750382422,65.0,31.0,2.0114614383900427,1.3938499632014052
2659,01_23_a0123110140000100017b1,0.3333333333333333,1.0186646265533938,61.0,29.0,2.0049250136447085,1.3758506857715294
2660,01_23_A0123110140000100017D,0.3333333333333333,0.6983994750382422,65.0,31.0,2.01185101128372,1.3924925985973298
2661,01_23_A0123110140000100025F,0.3333333333333333,0.2974479437593304,53.0,24.0,2.0023151948727635,0.9020294468826712
2662,01_23_A0123110140000100035K,0.5,0.3217955387509336,55.0,27.0,1.733445203920874,0.9154428599949213
2663,01_23_A0123110410000100041E,0.5,0.4002006419335719,31.0,16.0,1.4158717083233092,0.9366551069624468
2664,01_23_A0123110520000100037B,0.6666666666666666,0.3090967789598109,32.0,16.0,1.415290964641097,0.7945467829761079
2665,01_23_A0123110520000300032b,0.6666666666666666,0.5046372273922762,38.0,17.0,1.4158228147781338,0.7742546966897803
2666,01_24_a0124100014000300031A,0.6666666666666666,0.5117725757725599,33.0,14.0,1.4167648326179083,1.0793467564877957
2667,01_24_a0124100014000300031B,0.5,0.407585483779088,40.0,18.0,1.4165293312067502,0.8094780199748874
2668,01_24_a0124100014000300053z,0.3333333333333333,0.10031747922901374,71.0,40.0,1.0033900303058982,0.8883829544951591
2669,01_24_a0124100014000300054z,0.5,0.4549943401366984,71.0,34.0,1.004016791060114,0.9650044955773543
2670,01_24_a0124100014000300062z,0.5,0.5240921434099388,62.0,37.0,1.005013630586798,0.9719245461548222
2671,01_24_a0124100440001000032A,0.6666666666666666,0.4100305818751792,39.0,16.0,1.4177868897455146,0.7842614370220472
2672,01_24_a0124100450000400043z,0.5,0.12838080120050974,35.0,17.0,1.415028123159262,0.6696757835961811
2673,01_25_A0125131130000100025z,0.5,0.4369335526601167,49.0,21.0,1.732752265722017,0.9232521498994752
2674,01_25_A0125131130000100031z,0.6666666666666666,0.3816630440200519,39.0,17.0,1.4154585038986436,0.8033877578412489
2675,01_25_a0125131130000100045z,0.5,0.202121298339602,40.0,18.0,1.415214639591466,0.749309722778261
2676,01_25_a0125131130000700032z,0.6666666666666666,0.2266504586092499,32.0,17.0,1.4158308283782584,0.7485908054172085
2677,01_25_a0125131130001300033z,0.6666666666666666,0.5242170921553628,40.0,20.0,1.4157878956172334,0.7689292719872854
2678,01_25_a0125131130001400029z,0.5,0.4552821765133277,48.0,21.0,1.7330890738155864,0.9269147753280778
2679,01_25_A0125131130001600025z,0.5,0.4430497606111871,49.0,21.0,1.7327358797563748,0.9231522674644213
2680,01_25_a0125131130001900026z,0.5,0.508793812858116,50.0,21.0,1.7331814402047891,0.9943834309847212
2681,01_25_A0125131130002400017z,0.3333333333333333,0.6285592314312938,52.0,24.0,2.003355183970593,1.0966403540989995
2682,01_25_A0125131130002400021z,0.16666666666666666,0.394486023974056,53.0,26.0,2.0009649955400417,0.8878918256195603
2683,01_25_A0125131130002400025z,0.16666666666666666,0.3973103956745083,53.0,26.0,2.001002242427325,0.895994475170966
2684,01_25_A0125131130002500014z,0.3333333333333333,0.743614038374037,51.0,24.0,2.0039574728618392,1.185992712571724
2685,01_25_A0125131130002500017z,0.3333333333333333,0.6671188377833402,51.0,24.0,2.0042025739783393,1.1573272971288686
2686,01_25_A0125131130002500022z,0.5,0.394486023974056,49.0,21.0,1.7335279743535283,0.9483031463722246
2687,01_25_A0125131130002800024z,0.5,0.44668540125083256,48.0,21.0,1.732862769026281,0.92750480689521
2688,01_25_A0125131130002800033z,0.6666666666666666,0.2638845063509236,33.0,17.0,1.4164237054039641,0.7801290948018623
2689,01_25_A0125131130003100028z,0.5,0.3830900125780445,48.0,21.0,1.7327165178457566,0.8778222456363436
2690,01_25_A0125131130003100032z,0.6666666666666666,0.4701865848427485,34.0,17.0,1.4163211842301588,0.7851882053499712
2691,01_25_A0125131130003200023A,0.5,0.3887880182760503,47.0,21.0,1.7326246442743989,0.9013563164788174
2692,01_25_A0125131130003200032A,0.6666666666666666,0.35793424452454914,36.0,16.0,1.4156438135619611,0.8498975611804298
2693,01_25_A0125131130003200042z,0.5,0.19859152085737372,42.0,18.0,1.4157657069795773,0.7087084366611789
2694,01_25_a0125131130003300025z,0.5,0.3716940011820331,45.0,19.0,1.7326070318255231,0.8697856095201594
2695,01_25_a0125131130003500025A,0.5,0.5536529636288005,45.0,19.0,1.73518840263118,1.0070349691076794
2696,01_25_a0125131130003500032z,0.6666666666666666,0.302763752349487,39.0,18.0,1.4163533102202743,0.8821782127371688
2697,01_25_A0125131130004200031A,0.8333333333333334,0.18270166857766235,24.0,9.0,1.000700919958782,0.5044381365796239
2698,01_25_A0125131130004300023z,0.8333333333333334,0.3001652446336555,33.0,14.0,1.000411994018514,0.7964098469520433
2699,01_25_A0125131140000400038z,0.5,0.2296410083965109,41.0,17.0,1.4147711379325896,0.7693621962336854
2700,01_25_a0125131140000600033z,0.6666666666666666,0.351499427621542,35.0,17.0,1.4162420405985376,0.7993516018834145
2701,01_25_a0125131140000600045z,0.5,0.30911466963832,41.0,21.0,1.4163070491512242,0.6788382319375176
2702,01_25_A0125131140001000017z,0.3333333333333333,0.6591242886123206,47.0,23.0,2.0041846408849366,1.1291097124313791
2703,01_25_A0125131140001000021z,0.5,0.35655624762466104,46.0,20.0,1.7335078108094557,0.904707737226309
2704,01_25_A0125131140001000025z,0.5,0.3009078102914036,50.0,21.0,1.7335230448214325,0.8820366368916932
2705,01_25_a0125131140001500027z,0.5,0.29124393085854505,47.0,18.0,1.7324064802209669,0.7994481225021736
2706,01_25_A0125131140001600025z,0.5,0.4267579146530263,52.0,21.0,1.7326331801479842,0.9134556536941184
2707,01_25_a0125131140002300024z,0.5,0.4754905877372404,47.0,21.0,1.7328880685810732,0.9823447692612376
2708,01_25_A0125131140003000022A,0.3333333333333333,0.3723130045865518,51.0,24.0,2.0011675801922286,0.8834301835144645
2709,01_25_a0125131140003000022b,0.3333333333333333,0.4171305091185411,48.0,25.0,2.000910185702144,0.9274849298334218
2710,01_25_A0125131140003100031C,0.6666666666666666,0.3236142591708927,41.0,20.0,1.415261642547515,0.8407566079819575
2711,01_25_A0125131200000100015z,0.3333333333333333,0.43345969436766585,52.0,24.0,2.001734983323997,0.9702988245732596
2712,01_25_A0125131200000100025z,0.5,0.3114970954155071,46.0,19.0,1.7326098761714972,0.8394691426437182
2713,01_25_A0125131200000100031z,0.6666666666666666,0.21586813971930446,40.0,18.0,1.4155466199563886,0.8322661406569944
2714,01_25_a0125131200000200019z,0.3333333333333333,0.5931410594026153,50.0,22.0,2.0009162089422623,1.065346499354144
2715,01_25_A0125131200000700035z,0.6666666666666666,0.3709760749686801,30.0,16.0,1.415058538755292,0.7901654979727173
2716,01_25_A0125131200000800029z,0.5,0.4732813027693346,49.0,21.0,1.7330927914929268,0.9535599033614659
2717,01_25_a0125131200001300035z,0.6666666666666666,0.015102148805426154,31.0,15.0,1.4144400803015211,0.6380832511560862
2718,01_25_a0125131200001600031A,0.6666666666666666,0.5141640496654245,34.0,15.0,1.4153765975925623,0.7500500313924773
2719,01_25_a0125131200001700025z,0.5,0.4579319779975175,45.0,20.0,1.732440060303743,0.8319981668435944
2720,01_25_a0125131200001700033z,0.6666666666666666,0.3131408336528017,27.0,13.0,1.4159126229474992,0.8198016940289397
2721,01_25_A0125131200002500021z,0.5,0.4267579146530263,33.0,14.0,1.4145168346678725,0.8327722257143034
2722,01_25_a0125131200002500032z,0.6666666666666666,0.19942054945161414,24.0,12.0,1.4151826241615888,0.7585052241902562
2723,01_25_A0125131200002500033z,0.6666666666666666,0.4130282210401891,31.0,17.0,1.4151571539809986,0.7066185490325809
2724,01_25_a0125131200002500042z,0.6666666666666666,0.2567782210401891,36.0,17.0,1.001068921874667,0.7409684179382016
2725,01_25_a0125131200003200025z,0.5,0.32898710265127096,43.0,19.0,1.7332114272647914,0.8979445791593232
2726,01_25_A0125131200003500024A,0.5,0.31138440180993376,34.0,13.0,1.732266892708765,0.7939553421414669
2727,01_25_A0125131200003500024B,1.0,0.12801416857766235,22.0,9.0,0.05923309080089384,0.674003630993495
2728,01_25_A0125131200003500024C,0.6666666666666666,0.3935504813141617,27.0,11.0,1.4148300399690443,0.6986620882899722
2729,01_25_A0125131200003500032z,0.8333333333333334,0.2298626729417551,30.0,12.0,1.0004985723496032,0.7555730696202032
2730,01_25_A0125131200003700031A,0.6666666666666666,0.3804576944527687,31.0,16.0,1.4153718396040178,0.8871385631217504
2731,01_25_A0125131200004000031A,0.6666666666666666,0.22947269266445525,40.0,18.0,1.4152851492412597,0.6039442890228425
2732,01_25_A0125131200004000031B,0.6666666666666666,0.3440179301859689,34.0,16.0,1.41584681176701,0.8696089715004055
2733,01_25_a0125131200004100032z,0.6666666666666666,0.24210357882194225,34.0,12.0,1.4158420640281817,0.6292696069482531
2734,01_25_A0125131200004700029z,0.6666666666666666,0.14043666053063494,32.0,15.0,1.0021053361924916,0.6891650872258374
2735,01_25_A0125131200004700031A,0.8333333333333334,0.3915467069137014,33.0,14.0,1.0010608011730922,0.8310576067299043
2736,01_25_A0125131220001100033z,0.8333333333333334,0.20028652714040696,24.0,11.0,1.0016320996214276,0.5978905763724693
2737,01_25_A0125131220001100042z,0.5,0.2099032210401891,42.0,24.0,1.0027930368622775,0.6438657189444282
2738,01_25_a0125131220001600025z,0.16666666666666666,0.5223531348920143,53.0,24.0,2.001172963839347,0.9327663890545944
2739,01_25_a0125131220001600033z,0.6666666666666666,0.36961283991496224,35.0,17.0,1.4151831370701788,0.7998325289641179
2740,01_25_a0125131230001000024z,0.5,0.390957847071266,48.0,21.0,1.733291021041386,0.9103825184576648
2741,01_25_a0125131230001000032z,0.6666666666666666,0.5149049349341561,36.0,17.0,1.415953671372863,0.7690990784024474
2742,01_25_A0125131230001200030z,0.6666666666666666,0.4673146686787928,41.0,15.0,1.4149321104204509,0.7261078917795579
2743,01_25_a0125131230001500023z,0.5,0.43603894313891534,41.0,19.0,1.7326838322043958,0.9228468593409256
2744,01_25_A0125131230001700031A,0.6666666666666666,0.26679679853488125,35.0,16.0,1.4154775476966193,0.5905038830295245
2745,01_25_a0125131230001700031C,0.6666666666666666,0.31803427895981085,38.0,17.0,1.4155337736395812,0.8411626568957892
2746,01_25_a0125131230001800048z,0.6666666666666666,0.487794576180376,38.0,17.0,1.002186285836007,0.7270346241604618
2747,05_03_a0503405300000800026z,0.8333333333333334,0.049813500845541925,22.0,12.0,1.0009847374111775,0.6175290133421034
2748,09_01_A0901210010000400031A,0.6666666666666666,0.2497312109537337,36.0,16.0,1.4175995318083636,0.7781299414060799
