,floorplan_name,nr_sim,fs_sim,rl_sim,rc_sim,rs_sim,rsl_sim
0,01_01_a0101135010000300016z,0.5,1.0564249229332985,40.0,22.0,1.7493928010062,1.4070126445961222
1,01_01_a0101135010000300031z,0.8333333333333334,0.21610306295548487,24.0,12.0,1.0085616296236726,0.8351384196772796
2,01_01_a0101135010000300042z,0.8333333333333334,0.20563631175589106,19.0,8.0,1.006115668967386,0.7195446422760332
3,01_01_a0101135010001100026z,0.8333333333333334,0.2261655027344409,23.0,14.0,0.1298076750164883,0.6525159670025646
4,01_01_a0101135010001100037z,0.8333333333333334,0.2225679879061324,23.0,14.0,0.1256053023982353,0.6481457360356061
5,01_01_A0101135010001900032z,0.6666666666666666,0.3755052252867971,28.0,14.0,1.004498805689311,0.6434776702266845
6,01_01_A0101135010001900041z,0.8333333333333334,0.1900110290775936,20.0,11.0,0.0431497665954719,0.2002992679848692
7,01_01_a0101135010002200032A,0.6666666666666666,0.26827761019582164,25.0,14.0,1.4151307257783992,0.838363980007128
8,01_01_a0101135010002200032B,0.5,0.2788867188434148,27.0,16.0,1.4151855388587296,0.7533220974868737
9,01_01_a0101135010002200032D,0.5,0.33578646263114464,32.0,14.0,1.4167652850981514,0.7482757421455245
10,01_01_A0101135010002600058a,0.3333333333333333,0.2956686794067438,72.0,38.0,1.0039065594255565,0.8137860113066931
11,01_01_A0101135010002600058b,0.3333333333333333,0.22792649171970314,57.0,34.0,1.414523581701886,0.9008827414258752
12,01_01_A0101135010002600058c,0.3333333333333333,0.22792649171970314,57.0,34.0,1.4144633676572944,0.9040183964677584
13,01_01_A0101135010002600066z,0.6666666666666666,0.24750425299555026,58.0,32.0,0.08957496925544811,0.9087378990786924
14,01_01_a0101135010002600076z,0.5,0.2812659702236553,73.0,33.0,0.10592480986520733,0.9908037859528196
15,01_01_a0101135010002600077z,0.3333333333333333,0.3848816531479846,36.0,22.0,1.7342888135626175,0.9179286958303344
16,01_01_a0101135010003000030z,0.5,0.19092166187213133,35.0,20.0,1.733050562294586,0.8461808551526495
17,01_01_a0101135010003000032z,0.5,0.08673412430450966,32.0,18.0,1.7324174798666012,0.6761316837887053
18,01_01_A0101135010003800014z,0.3333333333333333,0.5707233260690994,54.0,31.0,2.0142519671383114,1.328182330160959
19,01_01_a0101135010004900033A,0.5,0.3243159977673468,32.0,15.0,1.7336451498439671,0.7832605630663491
20,01_01_a0101135010004900038z,0.6666666666666666,0.3597342313938221,27.0,15.0,1.4149736026317865,0.7456500293258994
21,01_01_a0101135010004900043z,0.8333333333333334,0.17737644179529488,28.0,9.0,1.000906577971849,0.7819874136612586
22,01_01_a0101135010005200042z,0.5,0.16901943254324736,53.0,25.0,1.011123136268955,0.9211645447929152
23,01_01_a0101135010005200043z,0.5,0.0825020745351343,46.0,20.0,1.0068227087687316,0.7658480647421638
24,01_01_a0101135010005200054z,0.5,0.5326774472858761,53.0,31.0,0.0994731333989143,0.6646913946987778
25,01_01_a0101135010005600032z,0.6666666666666666,0.3763113855843806,29.0,6.0,1.0018300690915034,0.5999020237953657
26,01_01_A0101135080001200060z,0.8333333333333334,0.2172821315508864,44.0,18.0,0.0798883255186353,0.6649549732706399
27,01_01_a0101135080001400034z,0.8333333333333334,0.2993881220991205,27.0,15.0,1.005903334904148,0.7090899589437869
28,01_01_a0101135080001800024A,0.8333333333333334,0.26557096713215345,27.0,13.0,1.0040761651920591,0.8778795770246883
29,01_01_a0101135080001800034z,0.6666666666666666,0.3296713947404792,28.0,17.0,1.006125022893735,0.7412338170470414
30,01_01_a0101135080002300017z,0.3333333333333333,0.38828688730596506,52.0,26.0,1.7412625827697483,1.1490130119440738
31,01_01_a0101135080002300020z,0.3333333333333333,0.3870750473719716,51.0,26.0,1.7413189761652592,1.1553882166061549
32,01_01_A0101135080004400016z,0.3333333333333333,0.9205281472631126,54.0,31.0,2.014954729136709,1.5248657196505329
33,01_01_A0101135080004400020z,0.5,0.3000408388529324,43.0,24.0,1.7399875888199483,1.0456935606947233
34,01_01_A0101135080004400021z,0.5,0.7409591712494756,51.0,29.0,1.7497591147701708,1.3886490259969515
35,01_01_A0101135080004400032z,0.5,0.3156658388529324,42.0,23.0,1.7367553173170918,0.9539333235169112
36,01_01_A0101135080004400047z,0.5,0.09419468703201606,43.0,21.0,1.0028340238635032,0.7319554222961835
37,01_01_a0101135080004500034A,0.6666666666666666,0.2304923216098245,25.0,14.0,1.4149177138310831,0.5826863739688213
38,01_01_a0101135080005500017z,0.3333333333333333,0.22131760414467105,51.0,29.0,2.0073823493295957,1.0142764462997036
39,01_01_a0101135080005500019z,0.3333333333333333,0.20541303158005875,51.0,29.0,2.007577853354306,0.9482637700029174
40,01_01_a0101135080005500022z,0.3333333333333333,0.1981619488977956,51.0,29.0,2.006952230430868,0.9892615628316592
41,01_01_a0101135080005500026z,0.3333333333333333,0.1981619488977956,51.0,29.0,2.005740929120972,1.0292811322946631
42,01_01_A0101135080005700022z,0.6666666666666666,0.4113040563755911,27.0,15.0,1.4160258541924675,0.9749288807786288
43,01_01_a0101135080005800031z,0.6666666666666666,0.2172778749855601,25.0,14.0,1.4152519775985857,0.8368468874501559
44,01_01_a0101135080005800046z,0.8333333333333334,0.09382398003076864,14.0,10.0,1.0015295308251608,0.6719739728281645
45,01_01_a0101135080005800047A,0.6666666666666666,0.18095804631375767,24.0,12.0,1.0011880374552895,0.6921259772412557
46,01_01_a0101135080005800047z,0.6666666666666666,0.18466600302432531,24.0,12.0,1.0013489187653717,0.6961204073922194
47,01_01_a0101135080007000014z,0.3333333333333333,1.185083499285002,54.0,31.0,2.016172533369683,1.4830317558807171
48,01_01_a0101135080007000018z,0.3333333333333333,1.4037205441584923,53.0,31.0,2.0188552733337914,1.6208063763172496
49,01_01_A0101135080007100014z,0.16666666666666666,0.5550983260690994,48.0,27.0,1.7357764708775314,1.1922083433603743
50,01_01_A0101135080007100015a,0.16666666666666666,0.5638501881213407,50.0,24.0,1.7362523663526712,1.1717536969900515
51,01_01_a0101135080007500020z,0.3333333333333333,0.1669437209633714,43.0,24.0,2.0045773499347237,0.8741364982473507
52,01_01_a0101135080007500021b,0.6666666666666666,0.2814391125700341,33.0,20.0,1.4188240662820055,0.8244779119967705
53,01_01_a0101135080007500021c,0.3333333333333333,0.3041262459128784,34.0,23.0,2.0017418889272047,0.8331189757561582
54,01_01_a0101135080007500026a,0.6666666666666666,0.456817743051114,34.0,18.0,1.4206049382341102,0.8528993530355442
55,01_01_a0101135080007800024z,0.6666666666666666,0.7895999772843176,31.0,18.0,1.4212223071778125,1.0116553458827482
56,01_01_a0101135080008200031A,0.6666666666666666,0.21764863967064568,25.0,14.0,1.4146308626984083,0.6265346862059881
57,01_01_a0101135080008200031B,0.6666666666666666,0.21774610407329548,25.0,14.0,1.4146366606621397,0.6257028981024529
58,01_01_a0101135080008200031C,0.6666666666666666,0.3113986396706457,29.0,14.0,1.4144257786302177,0.678994271646693
59,01_01_a0101135080008500034a,0.5,0.3619841007773121,37.0,21.0,1.417428492471131,0.693189872946506
60,01_01_a0101135080008500034b,0.5,0.594108236261441,35.0,20.0,1.4159057774882522,0.8087555883893868
61,01_01_a0101135080008900015z,0.3333333333333333,0.19456753648574787,41.0,24.0,2.0029085309215233,0.912054146944446
62,01_01_a0101135080008900024z,0.6666666666666666,0.3147085934100617,36.0,20.0,1.4266866798995868,1.043980578120892
63,01_01_a0101135080008900025z,0.6666666666666666,0.14464802449727046,35.0,21.0,1.4193576764671818,0.8630696631281398
64,01_01_a0101135080009700024A,0.5,0.2829847713024393,28.0,15.0,1.732208528152388,0.7444115661253259
65,01_01_a0101135080009700024B,0.5,0.14235977130243924,35.0,15.0,1.4148183738631652,0.7614994181225453
66,01_01_a0101135080009700033A,0.5,0.2427675188929719,28.0,11.0,1.7323788858038494,0.6000107750926127
67,01_01_a0101135080009700033B,0.8333333333333334,0.2932740480961924,20.0,7.0,1.0007479707132323,0.5847119573785725
68,01_01_a0101135080010200010z,0.3333333333333333,0.6367000098682212,44.0,26.0,2.0033353766633346,1.1778324021873436
69,01_01_a0101135080010200044z,0.3333333333333333,0.4134163115524899,43.0,28.0,1.4146527616461648,0.7481972640283513
70,01_01_a0101135080010200049A,0.6666666666666666,0.3072980028964535,22.0,14.0,1.001278973837826,0.7187859583516607
71,01_01_a0101135080010200049B,0.6666666666666666,0.2958513290949716,27.0,14.0,1.0015806200628985,0.7159558044726803
72,01_01_a0101135080010200054c,0.6666666666666666,0.3660021422272337,25.0,14.0,1.0019261693706325,0.7397391714770614
73,01_01_a0101135080010300019z,0.3333333333333333,0.31931514638187264,40.0,22.0,2.001681658698223,0.8717879744362582
74,01_01_a0101135080010300035z,0.5,0.207146594073102,37.0,20.0,1.007930815230201,0.6686351677261719
75,01_01_a0101135080010300036z,0.5,0.12772395539415865,40.0,13.0,1.4170841446901314,0.7854985072085116
76,01_01_a0101135080010700022A,0.5,0.5277784883146575,34.0,20.0,1.417552123580021,0.7360155421398261
77,01_01_a0101135080010700044z,0.8333333333333334,0.3842193088709064,25.0,12.0,1.0014640399331682,0.7242233138640596
78,01_01_a0101135080010900023A,0.6666666666666666,0.3632149803259965,22.0,15.0,1.414882061494953,0.4879507700074589
79,01_01_a0101135080010900023B,0.8333333333333334,0.3739101341800645,21.0,14.0,1.0046228668573791,0.6040698864889741
80,01_01_a0101135080010900023C,0.6666666666666666,0.17142891659149784,26.0,17.0,1.4151886262907298,0.7825093519291121
81,01_01_a0101135080010900033a,0.6666666666666666,0.25661890229260265,23.0,12.0,1.4147875523890054,0.6679503232097352
82,01_01_a0101135080010900044z,0.8333333333333334,0.4784578000340303,23.0,9.0,0.06864277838912651,0.5166470607031359
83,01_01_a0101135080010900055a,0.8333333333333334,0.36369196445451546,38.0,17.0,0.10880160337881772,0.7656280524384251
84,01_01_A0101135080011100012c,0.3333333333333333,0.6637279638782865,43.0,24.0,2.0032828950208827,1.0686834220984895
85,01_01_A010113508001110007b-1,0.16666666666666666,0.4382731676452536,50.0,26.0,2.008247071003803,1.074874839506041
86,01_01_A010113508001110007b,0.16666666666666666,0.24056375539262964,53.0,29.0,2.003137512131075,0.9768534343008444
87,01_01_a0101135080011300055z,0.5,0.4142613917594225,25.0,17.0,1.0099697217837245,0.4867716154847582
88,01_01_a0101135080011300061z,0.5,0.4737285030243253,37.0,27.0,1.0028079105203267,0.5352223195738692
89,01_01_a0101135080011900033A,0.6666666666666666,0.1802980961923848,32.0,14.0,1.0016725256589545,0.7771857907712867
90,01_01_a0101135080011900033b,0.6666666666666666,0.2632617188434148,39.0,13.0,1.0213682367184511,0.7437922990555461
91,01_01_a0101135080011900033c,0.6666666666666666,0.17601544094613208,32.0,15.0,1.0025381196623908,0.681581751183666
92,01_01_a0101135080011900043z,0.5,0.1973303166892792,43.0,16.0,1.0035410151587607,0.5245664678509308
93,01_01_a0101135080011900045z,0.5,0.3763044455903449,50.0,21.0,1.0107273999136903,0.7851105826071269
94,01_01_A0101135080012200017f,0.3333333333333333,0.20728101773166585,38.0,24.0,2.0023712553566453,0.8063087167683746
95,01_01_A0101135080012200018a,0.3333333333333333,0.1465343247321894,39.0,24.0,2.0071599607038566,0.8642958751863156
96,01_01_a0101135080012700048C,0.6666666666666666,0.3416002247031376,41.0,18.0,0.09689161060977633,0.8074575862937048
97,01_01_a0101135080012700056B,0.6666666666666666,0.3925193641250755,39.0,18.0,0.10999306245330427,0.8463675112469639
98,01_01_a0101135080014700026z,0.6666666666666666,0.6357237292044406,32.0,18.0,1.4159786616431462,0.9773596137086812
99,01_01_a0101135080014700028z,0.6666666666666666,0.17442137311707814,37.0,15.0,1.4173733777336333,0.7207753014713986
100,01_01_a0101135080014700032A,0.6666666666666666,0.2095951000101468,21.0,12.0,1.4164209229889648,0.6828096697911441
101,01_01_a0101135080014700033z,0.5,0.4190303946673303,36.0,16.0,1.4153461211314633,0.6250427262517092
102,01_01_a0101135090000300024z,0.3333333333333333,0.3398555055025304,35.0,20.0,2.001312960913938,0.941162985622304
103,01_01_a0101135090000300034z,0.6666666666666666,0.5979025804457918,27.0,14.0,1.4177681933545203,0.834975512018452
104,01_01_A0101135090000400023b,0.5,0.24370758562579695,33.0,20.0,1.7363870481533066,0.8704736714729653
105,01_01_A0101135090000400032z,0.3333333333333333,0.2833877751431201,37.0,23.0,1.734383502717771,0.9064920646355044
106,01_01_A0101135090000400034z,0.5,0.26124631699089496,34.0,18.0,1.4248419927108351,0.8660896475579095
107,01_01_A0101135090000400044z,0.5,0.2002179340669812,45.0,24.0,1.0053802474924058,0.8476483633542865
108,01_01_a0101135090000500013z,0.3333333333333333,1.1456923409660849,48.0,26.0,2.0027991684312947,1.3134893740037177
109,01_01_a0101135090000500032z,0.6666666666666666,0.2392914417038671,28.0,10.0,1.0080176369236138,0.5622650704705806
110,01_01_a0101135090001000033z,0.5,0.23711598991033425,30.0,19.0,1.7372862348096954,0.8534947236750585
111,01_01_a0101135090001000044z,0.8333333333333334,0.14006783303449005,23.0,17.0,0.043280352960212036,0.5800536190668651
112,01_01_A0101135090001800024z,0.6666666666666666,0.14461446463486582,29.0,16.0,1.4211020229326512,0.8322379802251827
113,01_01_A0101135090001800031z,0.8333333333333334,0.16039044094613208,23.0,12.0,1.0050759290702629,0.6545887880365707
114,01_01_A0101135090001800033z,0.6666666666666666,0.2720906786099672,25.0,13.0,1.4186121430646488,0.6301069710804805
115,01_01_A0101135090002000025z,0.16666666666666666,0.4152462942669791,45.0,25.0,2.001935962102754,0.9642710698521768
116,01_01_A0101135090002000032z,0.6666666666666666,0.2857586911819464,29.0,17.0,1.4149986691844854,0.7242256491351128
117,01_01_A0101135090002500025z,0.16666666666666666,0.3094464070649442,47.0,28.0,1.7357502010701364,0.8677939573938698
118,01_01_A0101135090002500032z,0.5,0.27233355167892725,25.0,15.0,1.4170394285010937,0.72081636213561
119,01_01_A0101135090003000035z,0.5,0.1099855961923848,29.0,18.0,1.419893806058462,0.7870886590331297
120,01_01_a0101135090003100024z,0.5,0.26622376913269263,35.0,18.0,1.7362330947645697,0.9013818799380722
121,01_01_a0101135090003100042z,1.0,0.40250895955674415,26.0,13.0,0.1492264122737432,0.9689441445983308
122,01_01_a0101135090003800024z,0.5,0.2805389214925027,35.0,18.0,1.7368110794736953,0.9017277327047672
123,01_01_a0101135090003800033z,0.6666666666666666,0.2675540709902777,28.0,14.0,1.0107121150727192,0.8807576643524624
124,01_01_a0101135090003800038z,1.0,0.4268367604384395,26.0,13.0,0.19300958002049806,0.979669204529996
125,01_01_a0101135090004400025z,0.3333333333333333,0.2698404741440067,36.0,21.0,2.0008210463712377,0.8556767530861471
126,01_01_a0101135090004400027z,0.3333333333333333,0.2637242661929363,36.0,21.0,2.000942672374076,0.8577386359212195
127,01_01_a0101135090004400031z,0.6666666666666666,0.3325164665138859,29.0,14.0,1.4285095862452355,0.8401545966830238
128,01_01_a0101135090004400032z,0.8333333333333334,0.25209113291424345,27.0,12.0,1.0149847928351377,0.8183526968006186
129,01_01_A0101135090004700036z,0.6666666666666666,0.10343233037348998,36.0,14.0,1.0187378152605735,0.7446042248832553
130,01_01_A0101135090004700042z,0.6666666666666666,0.09040951875014393,30.0,20.0,0.09764324259237593,0.746269033533423
131,01_01_A0101135090004700047z,0.6666666666666666,0.19059006170235204,55.0,25.0,0.06448704275654901,0.7319781730863645
132,01_01_A0101135090004700049z,0.5,0.2296516164512934,56.0,27.0,1.0051453557806216,0.7093567199528521
133,01_01_A0101135090005200045z,0.5,0.2045624050476764,49.0,25.0,0.08813961092067191,0.636944930133104
134,01_01_a0101135090006400055z,0.6666666666666666,0.5488040709902777,48.0,19.0,0.16362450785810606,0.9627840138369369
135,01_01_a0101135090006400063z,0.5,0.3295176089358204,45.0,23.0,0.10216002826766107,0.8311959831759254
136,01_01_a0101135090006400065z,0.6666666666666666,0.3901925389867683,53.0,21.0,0.12006074921429305,0.9539233663773372
137,01_01_a0101135090006400073z,0.6666666666666666,0.4608279971020759,70.0,34.0,0.11301566143054365,0.8971574804814405
138,01_01_A0101135090006700027z,0.6666666666666666,0.2776143116913232,27.0,14.0,1.4156549214943877,0.6928925365617264
139,01_01_A0101135090006700032z,0.6666666666666666,0.3310809636872088,24.0,14.0,1.4156440632054024,0.6400626221542974
140,01_01_A0101135090006700033z,0.6666666666666666,0.28806799717370857,23.0,12.0,1.4152189459683702,0.7474586694427661
141,01_01_A0101135090006700038z,0.5,0.2320361306699177,30.0,12.0,1.4149864535396417,0.7418358847302863
142,01_01_A0101135090006800022a,0.5,0.9117614798310071,51.0,29.0,1.7509364229848745,1.5365148243062647
143,01_01_a0101135090006900058z,0.3333333333333333,0.3682524529032224,47.0,23.0,1.0048324949832932,0.80213044816863
144,01_01_a0101135090007000049z,0.6666666666666666,0.4725300700345282,38.0,11.0,1.0066355373737712,0.6941040901562203
145,01_01_a0101135090007000051z,0.6666666666666666,0.19128007003452815,49.0,18.0,1.0053753817773057,0.6826822209145436
146,01_01_a0101135090007000053z,0.6666666666666666,0.31964701504883297,33.0,17.0,1.002598434652894,0.7546730485878445
147,01_01_a0101135090007900033A,0.5,0.4725357916403148,40.0,22.0,1.4206502401766956,1.1153558583103198
148,01_01_a0101135090007900033C,0.3333333333333333,0.22453738430900794,46.0,27.0,1.7355549223491284,0.9585218657147953
149,01_01_a0101135090007900033D,0.6666666666666666,0.9880403811738704,38.0,23.0,1.4187909724649737,1.284631239870384
150,01_01_a0101135090008400046A,0.8333333333333334,0.38696851773166585,25.0,11.0,1.0014321889697904,0.6074766333479917
151,01_01_a0101135090008400046B,0.6666666666666666,0.2274704928005894,28.0,13.0,1.4146783330608392,0.5962114857958409
152,01_01_a0101135090008400052z,0.8333333333333334,0.3599703601834542,26.0,13.0,0.08597192110748801,0.6709532953518252
153,01_01_a0101135090008500022B4,0.5,0.9507870168729418,51.0,29.0,1.7488465115440512,1.5685209336074126
154,01_01_a0101135090008500022B5,0.5,0.9507870168729418,51.0,29.0,1.748519455577963,1.5651546790296385
155,01_01_A0101135090008500034B7,0.3333333333333333,0.12705231107578566,43.0,22.0,1.734204929006138,0.8451010972581517
156,01_01_A0101135090008500035B10,0.5,0.5985343549476804,42.0,21.0,1.7406259804484978,0.9402926662951216
157,01_01_a0101135090008800033z,0.3333333333333333,0.23106805425009316,35.0,19.0,1.7336780612262197,0.8737659065435397
158,01_01_A0101135090009000021e,0.5,0.2612931294343561,35.0,21.0,1.7340550672490205,0.9233106101945721
159,01_01_A0101135090009000022b,0.5,0.34571778664589903,35.0,21.0,1.7328355603491068,0.9437202369994026
160,01_01_a0101135090009700040z,0.6666666666666666,0.2320908593502795,27.0,14.0,1.4168579567584771,0.7387485234623828
161,01_01_a0101135090009800032z,0.5,0.23034257003452815,35.0,16.0,1.4157499483168356,0.7200548483931752
162,01_01_a0101135090009900032A,0.6666666666666666,0.3566321331141029,23.0,8.0,1.4163248873483592,0.6408662026006967
163,01_01_a0101135090009900032B,0.6666666666666666,0.3558102308479172,21.0,12.0,1.4157590435512324,0.6469698735386753
164,01_01_a0101135090009900038z,0.6666666666666666,0.3615508033561479,23.0,12.0,1.4163742047868308,0.6460190877161686
165,01_01_a0101135090009900044A,0.5,0.4043468247321894,31.0,11.0,1.0082772654782488,0.4963116131539464
166,01_01_a0101135090009900044B,0.5,0.4569050700345282,33.0,11.0,1.0103609339746904,0.7025556941949864
167,01_01_a0101135090009900050z,0.5,0.4558894038076152,31.0,15.0,1.0068876814168577,0.7038185099458998
168,01_01_a0101135090009900060z,0.3333333333333333,0.4637019038076152,36.0,22.0,1.0095496791566891,0.5421541882696771
169,01_01_a0101135090009900072z,0.3333333333333333,0.4436769402507639,45.0,25.0,0.15263917331304053,0.6225447789263541
170,01_01_a0101135090010000058z,0.3333333333333333,0.801057836011005,61.0,26.0,1.416901678368632,1.0562042199407715
171,01_01_a0101135090010700038z,0.6666666666666666,0.3670452856998795,25.0,15.0,1.0003250107770902,0.6881570602287479
172,01_01_a0101135090010700045z,0.6666666666666666,0.41627730563797,37.0,10.0,1.0003741769019132,0.6891679071094223
173,01_01_a0101135090010700050z,0.8333333333333334,0.21078646263114464,31.0,9.0,0.0803413311627298,0.7642479098370178
174,01_01_a0101135090011000033z,0.6666666666666666,0.2901421696913496,28.0,14.0,1.0102683320956125,0.6193706069657182
175,01_01_a0101135090011000044z,0.8333333333333334,0.3278372389028571,29.0,14.0,0.06741136089300354,0.6237373346235576
176,01_01_a0101135090011100032B,0.5,0.053596134576845984,30.0,13.0,1.733145835937267,0.7625714034809652
177,01_01_a0101135090011100047z,0.8333333333333334,0.07758431432215662,28.0,9.0,1.0014446002316535,0.7714018343944035
178,01_01_a0101135090011500054A,0.5,0.08992696463486582,30.0,16.0,1.0010521688645349,0.8197077256805455
179,01_01_a0101135090011900051A,0.6666666666666666,0.6373131326211745,37.0,14.0,0.13396898568781426,0.8449646770324755
180,01_01_a0101135090011900051B,0.6666666666666666,0.5347996205258815,35.0,15.0,0.0983934233974833,0.7428849966350135
181,01_01_a0101135090012800031z,0.5,0.18096680704833468,35.0,17.0,1.4147285851403482,0.7314550243136828
182,01_01_a0101135090012800042z,0.6666666666666666,0.16339701504883294,36.0,10.0,0.08266794614119873,0.3289297892773252
183,01_01_a0101135100000500027z,0.5,0.30293174908448817,33.0,18.0,1.7363983800382312,0.8966248760181734
184,01_01_a0101135100000500032z,0.8333333333333334,0.3044825951485435,23.0,12.0,1.007862281589252,0.6904515891785306
185,01_01_A0101135100000600038z,0.8333333333333334,0.3047882277713322,28.0,14.0,1.0083860390575363,0.6526063561313757
186,01_01_a0101135100001100031A,0.3333333333333333,0.17159077456479532,31.0,16.0,2.0004124852113256,0.8640067204510887
187,01_01_a0101135100001100031z,0.3333333333333333,0.17546337021588398,31.0,16.0,2.0003768451593884,0.8642606768079447
188,01_01_a0101135100001100032z,0.3333333333333333,0.17159077456479532,31.0,16.0,2.0003723770583783,0.8656288737778595
189,01_01_a0101135100002100038z,0.6666666666666666,0.21283280003403027,29.0,14.0,1.4180154474049576,0.811141036918891
190,01_01_A0101135100003000025z,0.6666666666666666,0.4394039922597036,27.0,15.0,1.4220322661230749,0.8115715958796701
191,01_01_A0101135100003000032z,0.8333333333333334,0.16837946445451546,25.0,14.0,1.011928070600984,0.8161354254924543
192,01_01_A0101135100003000045z,0.5,0.2591416817119432,34.0,22.0,1.0018804914122186,0.6352558686263869
193,01_01_A0101135100003500015z,0.3333333333333333,0.22229045966592587,43.0,23.0,2.001195107875325,0.8590182267704336
194,01_01_A0101135100003500033z,0.6666666666666666,0.23429859184180324,27.0,14.0,1.4153230742235419,0.8542882926408644
195,01_01_A0101135100003500038z,0.8333333333333334,0.3139127009151774,29.0,9.0,1.0020442222475876,0.695477161066354
196,01_01_a0101135100003800025z,0.3333333333333333,0.28132514048473123,36.0,21.0,2.0009504068352157,0.8289902595814673
197,01_01_a0101135100003800032z,0.6666666666666666,0.3449914191737513,25.0,15.0,1.0070259046072565,0.6505170664011293
198,01_01_a0101135100003800040z,0.8333333333333334,0.2976160763593994,16.0,7.0,1.0013661104179508,0.7312873846216923
199,01_01_a0101135100004000030z,0.6666666666666666,0.1334884491536773,25.0,14.0,1.4164378470419208,0.7852342930427981
200,01_01_a0101135100004000042z,1.0,0.07703363457684598,8.0,4.0,0.04459167820603846,0.18177151277550804
201,01_01_a0101135100004200037A,0.6666666666666666,0.14101135856399571,34.0,12.0,1.004711313429428,0.6474830608620393
202,01_01_a0101135100004200037B,0.8333333333333334,0.2449519038076152,28.0,12.0,1.0032138845269942,0.6049261536192269
203,01_01_a0101135100004400042z,0.8333333333333334,0.09631817022427548,38.0,12.0,0.09564504122149413,0.5814694351604165
204,01_01_a0101135100006500020z,0.3333333333333333,0.16214003037403124,48.0,25.0,2.0014109537915763,0.8549149800966931
205,01_01_a0101135100006500022z,0.5,0.19909257003452815,43.0,23.0,1.7333754671804311,0.8486592637522954
206,01_01_a0101135100006500038A,0.5,0.7318401427238714,31.0,16.0,1.4189611439113543,1.1713594873261626
207,01_01_a0101135100007800031A,0.5,0.4452360918418032,34.0,15.0,1.4158852546164324,0.8598297854317265
208,01_01_a0101135100007800031B,0.6666666666666666,0.2601380301812416,25.0,14.0,1.4161373321479869,0.7054556667110116
209,01_01_a0101135100007800037b,0.5,0.3277231771859053,34.0,16.0,1.4146276056983906,0.7781275806645394
210,01_01_a0101135100007800041S,0.6666666666666666,0.11073840668489016,27.0,15.0,0.01656145690940334,0.3076705624779333
211,01_01_a0101135100008000078A,0.5,0.24025999036797965,56.0,25.0,0.10401340872550943,0.6531661229352403
212,01_01_a0101135100008000080z,0.3333333333333333,0.1844145220109249,88.0,38.0,0.06281674829353369,0.6835334773088338
213,01_01_a0101135100008000087z,0.3333333333333333,0.17776503037403124,83.0,42.0,0.09073767057092676,0.7385192074371423
214,01_01_a0101135100008000088z,0.3333333333333333,0.4199718247321894,59.0,29.0,0.07651844965271594,0.7396056778010235
215,01_01_A0101135102000100026z,0.5,0.2777624196806311,33.0,21.0,1.7368038986307317,0.8558955628652025
216,01_01_A0101135102000100032z,0.6666666666666666,0.24302878433858865,31.0,14.0,1.011503822203518,0.8616335609580865
217,01_01_A0101135110000100048z,0.6666666666666666,0.24522743992499674,33.0,27.0,0.15092375871206135,0.677953910327052
218,01_01_A0101135110000100052z,0.6666666666666666,0.2151942852974572,32.0,23.0,0.08694001535387748,0.6501359484331536
219,01_01_A0101135110000100065z,0.5,0.17835243638906886,68.0,35.0,0.12972656103627805,0.7661381510621484
220,01_01_a0101135110000200038z,0.3333333333333333,0.15892444423888208,35.0,19.0,1.7334219187926727,0.8295486048175804
221,01_01_A0101135110000200039z,0.5,0.15255607047428188,30.0,17.0,1.7388752654760866,0.8212738841884811
222,01_01_A0101135110000300032z,0.3333333333333333,0.20069833917294636,37.0,19.0,1.7326854761478725,0.7649557845863024
223,01_01_A0101135110000600034z,0.3333333333333333,0.19713156569129547,37.0,19.0,1.7324315162071193,0.7819129049330437
224,01_01_A0101135110000700019z,0.3333333333333333,0.5649814222772722,39.0,25.0,2.0015254123482342,0.9806783145587608
225,01_01_A0101135110000700037z,0.6666666666666666,0.16227317789173118,25.0,8.0,1.4158965601032114,0.7161900005830768
226,01_01_A0101135110001100035z,0.5,0.1697061153979117,32.0,19.0,1.7327985909289174,0.8547032909462042
227,01_01_A0101135110001200035z,0.5,0.1632227371409486,32.0,19.0,1.7330199962303507,0.8504720800087516
228,01_01_A0101135110001200046z,0.8333333333333334,0.346309442610276,29.0,13.0,0.16587709183976312,0.620094966982105
229,01_01_A0101135110001300069z,0.3333333333333333,0.19809442862151092,67.0,34.0,1.0075527650579683,0.7458237861545821
230,01_01_a0101135110001600035z,0.16666666666666666,0.12132794094613207,41.0,26.0,1.7328533949548337,0.6921779169384126
231,01_01_A0101135110001700025z,0.3333333333333333,0.25161804800824217,42.0,20.0,1.733565431449546,0.8345120836694973
232,01_01_A0101135110001700032b,0.8333333333333334,0.17681270667967786,24.0,12.0,1.009711561607186,0.8163832420605791
233,01_01_A0101135110001700037z,0.6666666666666666,0.18465155214521112,37.0,18.0,1.0159992922121843,0.7734863677711192
234,01_01_A0101135110002000043z,0.6666666666666666,0.09029678332568747,36.0,24.0,1.0042857570751291,0.8409821392802912
235,01_01_A0101135110002000054z,0.5,0.2871349903679796,30.0,22.0,1.0064258156938364,0.656291793059617
236,01_01_A0101135110002100054z,0.5,0.2825791817119432,30.0,22.0,1.0064382016725182,0.6645847255061142
237,01_01_A0101135110002200033z,0.3333333333333333,0.35620378507851824,42.0,29.0,1.7335596152821968,0.9261419353084313
238,01_01_A0101135110002300044z,0.6666666666666666,0.1817053166892792,28.0,17.0,1.0089704701382625,0.594795827346968
239,01_01_A0101135110002400035z,0.16666666666666666,0.1359035227582595,48.0,31.0,1.732954696499502,0.7352996875666522
240,01_01_A0101135110002500048z,0.6666666666666666,0.2438642315391409,32.0,27.0,0.15478367815927124,0.6835036220989517
241,01_01_A0101135110002500052z,0.6666666666666666,0.2158585130030175,32.0,23.0,0.08497979254776747,0.6655809116388548
242,01_01_A0101135110002500065z,0.5,0.17750664946518346,68.0,35.0,0.1389437653745248,0.7540935538498776
243,01_01_a0101135120000100022z,0.5,0.3266898851314367,36.0,21.0,1.7343726891682991,0.8978679618356987
244,01_01_a0101135120000100035z,0.6666666666666666,0.203996556526414,27.0,15.0,1.4146412378131648,0.7439666477320679
245,01_01_a0101135190000500032C,0.3333333333333333,0.294305305948288,45.0,22.0,1.7373922525674903,0.9878696665504431
246,01_01_a0101135190000500033B,0.16666666666666666,0.25161804800824217,50.0,29.0,2.008420650279103,1.0426091059632776
247,01_01_A0101135220000100022z,0.3333333333333333,0.3398555055025304,42.0,23.0,1.7358412298311983,0.901692295381863
248,01_01_A0101135220000100026z,0.16666666666666666,0.22327268911020887,43.0,22.0,1.736036741091536,0.8397145310053933
249,01_01_A0101135220000100034z,0.3333333333333333,0.2175090003494019,36.0,18.0,1.4196961616232606,0.8243846835949235
250,01_01_A0101135220000200046z,1.0,0.1832915172450164,19.0,7.0,0.0884040560240806,0.5370340701039086
251,01_01_A0101135220000300015z,0.3333333333333333,0.6280994494697156,49.0,26.0,1.7367356104694782,1.1968846019653463
252,01_01_A0101135220000300017z,0.5,0.383620311588595,32.0,18.0,1.7359985406994172,0.8533607762826196
253,01_01_A0101135220000300018z,0.16666666666666666,0.2271315690497805,43.0,22.0,1.7360602357592232,0.8853088626011572
254,01_01_A0101135220000300021z,0.3333333333333333,0.2377522769419436,40.0,22.0,2.0015601447957527,0.9297137704161934
255,01_01_a0101135220000400015z,0.3333333333333333,0.660923220232736,45.0,24.0,2.0174805138534917,1.2156701174903013
256,01_01_A0101135220000400017z,0.16666666666666666,0.6590458019118806,51.0,28.0,2.001004252195896,1.1975893517144272
257,01_01_A0101135220000400021z,0.3333333333333333,0.22327268911020887,42.0,23.0,1.7349107212791182,0.8306009256269965
258,01_01_A0101135220000500031z,0.6666666666666666,0.3245986308156027,23.0,14.0,1.0084664660730795,0.7156817763242284
259,01_01_A0101135230000100027z,0.6666666666666666,0.1495024529032224,34.0,18.0,1.419008357138621,0.8179197888415839
260,01_01_A0101135230000100032z,0.6666666666666666,0.3189006536036583,25.0,14.0,1.4174763202418323,0.6264277587581945
261,01_01_a0101135230001000018z,0.3333333333333333,0.6033420293783915,36.0,21.0,2.0081430032967296,1.1662351282179495
262,01_01_a0101135230001000022z,0.16666666666666666,0.2387484201664669,41.0,26.0,2.0027070550968458,0.8270931255038734
263,01_01_a0101135230001000026z,0.3333333333333333,0.4970674223834666,40.0,22.0,2.008133599811139,0.9739589773389103
264,01_01_a0101135230001600014z,0.3333333333333333,0.5824373490130947,45.0,24.0,2.0073888355645058,1.1372342982945634
265,01_01_a0101135230001600017z,0.3333333333333333,0.2290535829120928,35.0,21.0,1.7364778877851268,0.8855067202987106
266,01_01_a0101135230001600021z,0.3333333333333333,0.1929435348617463,39.0,21.0,1.7417122853906968,0.8228580443671994
267,01_01_a0101135230001900023z,0.3333333333333333,0.191088370215884,36.0,20.0,2.003505875380873,0.882167594196
268,01_01_a0101135230001900032z,0.5,0.21215664882396373,28.0,16.0,1.7358039624580133,0.6257558492208034
269,01_01_A0101135240000800031z,0.3333333333333333,0.22437159753980893,34.0,21.0,1.7339047668355083,0.8419525226108956
270,01_01_A0101135240000800034z,0.3333333333333333,0.2290535829120928,35.0,20.0,1.733360407431741,0.8541219028714856
271,01_01_A0101135240000900011z,0.16666666666666666,0.2689467101554238,40.0,25.0,2.01143792319292,0.8794776411915542
272,01_01_A0101135240000900013z,0.16666666666666666,0.4589246602178716,45.0,25.0,2.0055659464062767,0.966927988574668
273,01_01_A0101135240000900017z,0.16666666666666666,0.3479268116913232,38.0,21.0,2.000878493543308,0.6687600622794565
274,01_01_A0101135240001200023z,0.3333333333333333,0.3863731796188247,41.0,28.0,1.7357193769728552,0.9620974478442909
275,01_01_A0101135240001200025z,0.3333333333333333,0.4024466793494109,39.0,23.0,1.7354499843295137,0.9822985906691658
276,01_01_A0101135240001200031z,0.5,0.1941208087662929,30.0,20.0,1.7340330448074552,0.8448325082384499
277,01_01_A0101135240001200034z,0.5,0.19559413918365973,31.0,20.0,1.7350077643006332,0.8509086883858077
278,01_01_A0101135240001300023z,0.3333333333333333,0.37233716500164493,41.0,28.0,1.7358319105348394,0.9552001681308504
279,01_01_A0101135240001300025z,0.3333333333333333,0.3982808411164837,39.0,23.0,1.7355820542266505,0.9793212198505072
280,01_01_A0101135240001300031z,0.5,0.1886111668930146,30.0,20.0,1.7340596567756987,0.8441466507662909
281,01_01_A0101135240001300034z,0.5,0.1900231085429912,31.0,20.0,1.734301082480751,0.8509805543283512
282,01_01_A0101135240001400047z,0.5,0.2682532990240161,49.0,22.0,1.0063548527875799,0.7016043280684765
283,01_01_A0101135240001500032z,0.5,0.3851682684262053,30.0,14.0,1.7338805008318756,0.6760372249300955
284,01_01_A0101135240001500048z,0.8333333333333334,0.2679505301812416,31.0,18.0,0.0723706679198816,0.679048701415412
285,01_01_A0101135240001500059z,0.6666666666666666,0.401527561702352,49.0,28.0,0.1341894988376547,0.7550344045763108
286,01_01_a0101135240001600018z,0.3333333333333333,0.2309856137201517,35.0,21.0,1.7360331033088874,0.8831340265872422
287,01_01_a0101135240001600022z,0.16666666666666666,0.1886111668930146,48.0,26.0,1.7352639470183857,0.8277128171497836
288,01_01_a0101135240001600026z,0.16666666666666666,0.21349290234988927,48.0,26.0,1.7354216562886466,0.8541938296987323
289,01_01_A0101135240002000032z,0.8333333333333334,0.5057873843090079,26.0,13.0,1.01244662299522,0.81888014767176
290,01_01_a0101135240002200031z,0.5,0.21800686445960812,34.0,18.0,1.7360469945809591,0.8286932600013928
291,01_01_A0101135240002300030z,0.3333333333333333,0.28305486370830835,31.0,19.0,2.0003361090929532,0.6641818943004342
292,01_01_A0101135240002300048z,0.6666666666666666,0.07971430498359361,28.0,15.0,1.0012944185705133,0.5727924344885242
293,01_01_a0101135240003000048z,0.6666666666666666,0.35303723276123355,36.0,10.0,1.000620423523663,0.6686743598274685
294,01_01_a0101135240003000055z,0.6666666666666666,0.33244196445451546,32.0,10.0,0.1081844929505718,0.4823965841743366
295,01_01_a0101135240003000061A,0.6666666666666666,0.32525020667967786,42.0,15.0,0.05006242322372314,0.7178503530331921
296,01_01_a0101135240003000061B,0.8333333333333334,0.41968409753980895,30.0,10.0,0.1638505714136937,0.7688985478801208
297,01_01_A0101135270000200034z,0.5,0.17663957790232274,26.0,16.0,1.737851775406838,0.797683468788093
298,01_01_A0101135270000200046z,0.8333333333333334,0.24166205033108726,33.0,12.0,0.13570371551388494,0.6834897325485391
299,01_01_A0101135270000200055z,0.3333333333333333,0.23010061070416696,48.0,25.0,1.0045766532679523,0.522665392227066
300,01_01_A0101135270000500024z,0.3333333333333333,0.31257060271769704,39.0,23.0,1.7371582745059462,0.8994662226130664
301,01_01_A0101135270000500031z,0.5,0.3352217504366912,35.0,13.0,1.4174054388855168,0.6119678303402436
302,01_01_A0101135270000500042z,0.8333333333333334,0.233283634576846,19.0,8.0,1.008716029501506,0.6701658297722155
303,01_01_a0101135270000600028z,0.5,0.40462283754255496,37.0,21.0,1.7380685001981426,0.8320086759494018
304,01_01_A0101135270000700023z,0.16666666666666666,0.19600019097962684,43.0,22.0,1.7345559259163543,0.804043616529299
305,01_01_A0101135270000700026z,0.5,0.15788940380761518,28.0,18.0,1.737714433454019,0.8010335858500902
306,01_01_A0101135270000700032z,0.5,0.22478822777133214,32.0,17.0,1.4196399770247528,0.6265442782452407
307,01_01_A0101135270000800034z,0.6666666666666666,0.1917619119818585,25.0,17.0,1.4175920870055092,0.6200202943114611
308,01_01_a0101135270001100028z,0.3333333333333333,0.2955629719190703,35.0,20.0,1.7371927880991334,0.8558820477650744
309,01_01_A0101135270001100038z,0.8333333333333334,0.2836841545629022,27.0,12.0,1.011153971647537,0.8397358356938592
310,01_01_A0101135270001200035z,0.3333333333333333,0.22515470993006412,29.0,18.0,2.0009485053265914,0.8567081846317539
311,01_01_A0101135270001600036z,0.5,0.22708114422059456,31.0,16.0,1.4206034040786684,0.8330340878070267
312,01_01_A0101135270001800037z,0.5,0.21041113561354507,30.0,15.0,1.7336323622392336,0.8411038717663732
313,01_01_A0101135270002800054z,0.16666666666666666,0.2770487004649969,43.0,24.0,1.734249736293089,0.8170581225755293
314,01_01_A0101135270002800061z,0.5,0.3966481778917312,27.0,17.0,1.415638219110156,0.7261803192499068
315,01_01_A0101135270002800072z,0.5,0.4058841818755004,44.0,20.0,0.15227223060653755,0.6443736536292911
316,01_01_A0101135270003100023z,0.5,0.2469640306732869,33.0,19.0,1.7371332648870998,0.8862519772172441
317,01_01_A0101135270003100025z,0.5,0.2409938814195555,33.0,18.0,1.736893765076054,0.8588659441377108
318,01_01_A0101135270003100035z,0.6666666666666666,0.2058894038076152,31.0,12.0,1.0090375482229217,0.7755445145158719
319,01_01_A0101135270003100045z,1.0,0.09934183355000392,18.0,14.0,0.1907220156664571,0.7606278211594313
320,01_01_A0101135270003200047z,0.6666666666666666,0.2865929809780332,29.0,10.0,1.424663516849032,0.6686022085559665
321,01_01_A0101135270004100074z,0.16666666666666666,0.34868770667967786,80.0,33.0,0.12191810709340045,0.6421930709166737
322,01_01_A0101135270004200035A,0.5,0.2347613585639957,26.0,15.0,1.7335048781104492,0.7039292907581207
323,01_01_A0101135270004200035B,0.6666666666666666,0.2502223974346208,28.0,17.0,1.4152367746496868,0.8150203091540993
324,01_01_A0101135270004200050B,0.6666666666666666,0.1728339579836874,29.0,17.0,1.4152733364458048,0.7180489189272021
325,01_01_A0101135270004200057z,0.5,0.35134914957032704,41.0,24.0,1.0059088890157335,0.8414707313216061
326,01_01_A0101135270004200068B,0.6666666666666666,0.3739101341800645,29.0,16.0,1.0041843842499971,0.8093216713911797
327,01_01_A0101135270004200101z,0.3333333333333333,0.6783176953436654,69.0,36.0,1.0097090607147092,0.9757178610146332
328,01_01_A0101135270004300048z,0.5,0.2199275509465798,32.0,16.0,1.7329658044476852,0.765355898554524
329,01_01_A0101135270004300066a,1.0,0.3774631742994185,28.0,12.0,0.09134161322108234,0.7340022936318832
330,01_01_A0101135270004300067a,0.8333333333333334,0.4369758890474677,25.0,15.0,1.009239185494528,1.0358248278371025
331,01_01_A0101135270004300068b,0.5,0.11738639175942245,35.0,18.0,1.003117044760616,0.7524081938077357
332,01_01_A0101135270004300081z,0.3333333333333333,0.2561769402507639,49.0,34.0,0.17145941012787452,0.8531273303920802
333,01_01_A0101135270005200052z,0.8333333333333334,0.40194460323781467,39.0,16.0,0.1697376015497242,0.7596885433237393
334,01_01_a0101135270005400053z,0.3333333333333333,0.1488459255467457,36.0,23.0,1.0060896681420841,0.40431591557415575
335,01_01_A0101135270005700034b,0.5,0.33937619958226306,33.0,21.0,1.7338608360054908,0.9160468055615708
336,01_01_A0101135270005700034z,0.3333333333333333,0.3495560104358573,35.0,21.0,2.0017091042191737,0.9631372359807444
337,01_01_A0101135270005700050z,0.6666666666666666,0.14101135856399571,35.0,20.0,1.000854620514876,0.6847564627623449
338,01_01_A0101135270005700053z,0.8333333333333334,0.42967109394846026,23.0,15.0,1.002057446310844,0.8584693254325186
339,01_01_A0101135270005700068b,0.6666666666666666,0.29905080335614803,37.0,18.0,0.08623960847101274,0.7582354129889046
340,01_01_a0101135270005900026a,0.3333333333333333,0.19267959454331007,45.0,23.0,2.001342042968693,0.8604573680665097
341,01_01_a0101135270005900026b,0.5,0.1563786940889451,30.0,17.0,1.732471628000924,0.7618913457500982
342,01_01_a0101135270005900026b1,0.5,0.15432753037403124,28.0,17.0,1.7323999222530249,0.7475607973518023
343,01_01_a0101135270005900026d,0.3333333333333333,0.2264947077778385,36.0,19.0,2.0005566796635907,0.7468414251431676
344,01_01_a0101135270005900033b,0.8333333333333334,0.14424112221116292,20.0,15.0,1.0040405170437925,0.6583671866014517
345,01_01_a0101135270005900033b1,0.6666666666666666,0.13642862221116292,23.0,16.0,1.4147687396706434,0.6893839158752832
346,01_01_a0101135270005900043a,1.0,0.3202447077778385,22.0,8.0,0.056551813194694225,0.4783439192375714
347,01_01_a0101135270005900050z,1.0,0.29933817429941845,18.0,8.0,0.04124526136552247,0.4576005357746136
348,01_01_a0101135270005900068z,0.6666666666666666,0.2769779596659259,31.0,17.0,0.13432562440726906,0.4936900112814182
349,01_01_A0101135270006100010z,0.5,0.14457674230890716,51.0,29.0,1.7451248989791606,0.9896740342895188
350,01_01_A0101135270006100011z,0.3333333333333333,0.4602957783096072,54.0,31.0,2.014570943225733,1.303917743232564
351,01_01_A0101135270006100013z,0.5,0.6796693208692266,51.0,30.0,1.748502741944609,1.3832630879355363
352,01_01_a0101135270007300062z,0.3333333333333333,0.3477683557982475,51.0,25.0,0.1689664505292957,0.7642207887367479
353,01_01_a0101135270007500061z,0.8333333333333334,0.12697073419663107,28.0,13.0,1.005589292472095,0.6554917553206459
354,01_01_a0101135270007500071z,0.8333333333333334,0.1099855961923848,28.0,11.0,0.04587162691809763,0.638190050115683
355,01_01_a0101135270007800058A,0.5,0.6739064492621607,34.0,15.0,1.0076114693040794,0.8027319134839924
356,01_01_a0101135270007800058B,0.6666666666666666,0.09360778569987947,37.0,18.0,1.0024823189809011,0.5554625232014424
357,01_01_a0101135270007800064z,0.6666666666666666,0.6064954269099254,43.0,22.0,1.007468984861999,0.7601808780441945
358,01_01_a0101135270007900060z,0.8333333333333334,0.5878318641250755,30.0,8.0,0.12972750820715334,0.8158233414719688
359,01_01_a0101135270008000043A,0.5,0.6449427192198016,46.0,20.0,1.0217047818696807,0.8938780894854449
360,01_01_a0101135270008000043B,0.3333333333333333,0.4173218728478629,42.0,27.0,1.4216963227387356,0.852247803564792
361,01_01_a0101135270008000043C,0.6666666666666666,0.3358477371409485,39.0,15.0,1.0072431814034295,0.8143677419765478
362,01_01_a0101135270008400054z,1.0,0.15120190380761522,25.0,14.0,0.06871501138580118,0.8407029208757981
363,01_01_a0101135270008400063z,0.3333333333333333,0.30264503081726146,45.0,25.0,0.16336407932059172,0.35773214146775106
364,01_01_a0101135270008500048z,0.6666666666666666,0.26934017946393984,29.0,14.0,1.0043795831937503,0.8087836172793501
365,01_01_a0101135270009000089z,0.6666666666666666,0.3683637042942333,37.0,25.0,0.0626994433760813,0.693715826583284
366,01_01_A0101135270009500024z,0.6666666666666666,0.21340067429941845,34.0,13.0,1.0051318888198464,0.6926202168095154
367,01_01_A0101135270009500040A,0.8333333333333334,0.4790040175102391,27.0,12.0,0.1415189769109818,0.6316895635301676
368,01_01_A0101135270009500040B,1.0,0.4045633018792405,24.0,9.0,0.12641345905883214,0.6303943194738126
369,01_01_a0101135270010500025A2,0.6666666666666666,1.0515284412407704,34.0,16.0,1.018741575723771,1.1888355143462008
370,01_01_a0101135270010500040B1,0.8333333333333334,0.9808199942598764,36.0,14.0,0.25503547916833763,1.216744894851082
371,01_01_a0101135270010500040B2,0.8333333333333334,0.8848322430035951,26.0,14.0,0.2771665217146108,1.1989395483299037
372,01_01_a0101135270010500040B3,0.8333333333333334,0.8738340128123545,26.0,15.0,0.22183102338316013,1.1760842006706316
373,01_01_a0101135270010500041C1,0.8333333333333334,0.6148212858300871,33.0,16.0,0.22392195945997606,0.9755555821280748
374,01_01_a0101135270010500041C2,0.8333333333333334,0.7706327548714449,26.0,15.0,0.17799211346525293,1.0607831776705174
375,01_01_a0101135270010500051D,0.6666666666666666,0.3798281943680872,40.0,23.0,0.14552479077534938,0.8336832070077104
376,01_01_A0101135280000100034z,0.3333333333333333,0.18178041198200207,29.0,20.0,1.7349475558809424,0.8110738748526254
377,01_01_A0101135280000100067z,0.3333333333333333,0.2535404596659259,61.0,31.0,0.12398694245317572,0.6273149500309274
378,01_01_A0101135280000300031z,0.5,0.23534578598284184,28.0,15.0,1.7403493721140806,0.8553215414582127
379,01_01_A0101135280000300034z,0.8333333333333334,0.10119438740117603,17.0,6.0,1.001978892865276,0.64577108498629
380,01_01_A0101135280000400055z,0.3333333333333333,0.367186389623218,64.0,27.0,1.0054565976995735,0.4762733540281381
381,01_01_A0101135280000500035z,0.3333333333333333,0.18723000326265604,34.0,19.0,1.7325182608233818,0.8366447613822947
382,01_01_A0101135280000500045z,0.5,0.1448817852974572,51.0,24.0,0.13443857006264218,0.6574909060293506
383,01_01_A0101135280000500056z,0.6666666666666666,0.27244299717370857,53.0,29.0,0.059293684976149126,0.7351598123902405
384,01_01_A0101135280000500066z,0.3333333333333333,0.3970951000101468,85.0,45.0,0.12862741234518274,0.5861355834091908
385,01_01_a0101135280000800026z,0.3333333333333333,0.25788764048473123,36.0,23.0,2.0009359685035397,0.8938512029370363
386,01_01_a0101135280000800040z,0.8333333333333334,0.4041945594753222,14.0,5.0,1.0007121276774258,0.6830718008332025
387,01_01_a0101135280000800042z,0.6666666666666666,0.2349855961923848,34.0,13.0,1.000548305980567,0.6755152779002821
388,01_01_A0101135280000900026z,0.3333333333333333,0.3398555055025304,44.0,22.0,1.7388843478876983,0.9226882545208864
389,01_01_A0101135280000900034z,0.8333333333333334,0.22069801790428456,21.0,14.0,1.007228492517999,0.7090944151151448
390,01_01_A0101135280000900043z,1.0,0.20171137242364814,12.0,5.0,0.11064584980247068,0.6333487274609003
391,01_01_a0101135280001000023z,0.5,0.3001339179141983,40.0,22.0,1.7360120721028032,0.8646722671953037
392,01_01_a0101135280001000033z,0.8333333333333334,0.2271786600059623,24.0,8.0,1.00982122619111,0.7964692556717831
393,01_01_a0101135280001900031z,0.6666666666666666,0.11553360343876162,23.0,15.0,1.4144733414242654,0.7153879775427449
394,01_01_A0101135280002900031z,0.6666666666666666,0.11577565360365827,23.0,15.0,1.4144142254647418,0.7141010842132988
395,01_01_A0101135280002900057z,0.3333333333333333,0.1922270220109249,69.0,34.0,0.12685688113162974,0.7064339079248583
396,01_01_A0101135280003000031z,0.6666666666666666,0.23248302945727184,29.0,14.0,1.4185809464456904,0.7123674138135698
397,01_01_A0101135280003000055z,0.5,0.33838732405415584,44.0,15.0,0.10813480189679434,0.6993459114857778
398,01_01_A0101135280003100055z,0.3333333333333333,0.40050710453754224,60.0,27.0,1.005759908644563,0.4769614206345299
399,01_01_a0101135280003800042z,0.8333333333333334,0.2244395299397968,23.0,16.0,0.13638431011708174,0.6413431644405679
400,01_01_a0101135280003800048z,0.6666666666666666,0.16593233037348998,31.0,19.0,0.11053577137126293,0.6161405188058473
401,01_01_a0101135280003800053z,0.8333333333333334,0.2541768116913232,29.0,22.0,0.07177408149024421,0.6283614742096085
402,01_01_A0101135280005300013A,0.3333333333333333,0.9780905211260508,46.0,26.0,2.004104539637402,1.4219317282674542
403,01_01_a0101135280005300020C,0.3333333333333333,0.14974470096523795,41.0,25.0,2.004845914040423,0.8972626813982032
404,01_01_A0101135280005600010z,0.3333333333333333,0.6791733544248992,49.0,29.0,2.014021993922193,1.4067062535876584
405,01_01_A0101135280005600014z,0.3333333333333333,0.933684275602487,51.0,29.0,2.0108514410710105,1.4948318856813014
406,01_01_A0101135280005600016z,0.3333333333333333,0.7112400531582646,46.0,27.0,2.0043915116676967,1.2710587786488992
407,01_01_A0101135280005600017z,0.3333333333333333,0.7285560704742821,48.0,27.0,2.0048054096819468,1.286952317021175
408,01_01_A0101135280005600018z,0.3333333333333333,0.7981573002833862,45.0,24.0,2.0015332553590204,1.2208599958899498
409,01_01_A0101135280005600020z,0.5,0.13001592448888044,43.0,24.0,1.7363724703753418,0.8270731483280958
410,01_01_A0101135280005600022z,0.3333333333333333,0.4551097427906661,43.0,23.0,2.0025043300324112,1.0120800597077004
411,01_01_A0101135280006000035z,0.6666666666666666,0.06577663290944746,26.0,17.0,1.4180708498564418,0.6121077838853815
412,01_01_A0101135280006000036z,0.5,0.3502156786099672,35.0,16.0,1.7323782909303609,0.6634660862373349
413,01_01_a0101135280006300021a,0.5,0.11916864008446483,33.0,21.0,1.733796509583838,0.8248982475087102
414,01_01_a0101135280006300021b,0.6666666666666666,0.14338851894812593,34.0,20.0,1.4162462119577974,0.8430052672638543
415,01_01_a0101135280006300021d,0.6666666666666666,0.29659097133173096,35.0,22.0,1.4173731306183952,0.9947398293165016
416,01_01_a0101135280006300028e,0.6666666666666666,0.1819938424499129,28.0,18.0,1.4187039911789698,0.8583062932944507
417,01_01_a0101135280006400040z,0.6666666666666666,0.2662355961923848,26.0,19.0,1.0045606602290795,0.6569417281829317
418,01_01_a0101135280006400042z,0.5,0.3621394038076152,41.0,25.0,1.0037636290981058,0.6908228607389372
419,01_01_a0101135280007100031z,0.5,0.21041113561354507,35.0,20.0,1.7326614221085666,0.8140530162703874
420,01_01_a0101135280007500023z,0.6666666666666666,0.24441278825919066,23.0,12.0,1.4149207956769951,0.5856151340344707
421,01_01_a0101135280007500032C,0.5,0.3644446331141029,28.0,13.0,1.7322076554433283,0.5363320486683362
422,01_01_a0101135280007500033z,1.0,0.31559006170235204,18.0,6.0,0.039647889945536766,0.4916143060909081
423,01_01_a0101135280007500044z,0.8333333333333334,0.4232818088709064,23.0,9.0,1.0027977051714267,0.4896829974940958
424,01_01_a0101135280007500046z,0.8333333333333334,0.4583685704742819,23.0,9.0,1.0031125973379285,0.5080287907481436
425,01_01_a0101135280007500054z,1.0,0.3177437836030116,18.0,6.0,0.04333292480739303,0.4887379166619913
426,01_01_a0101135280008100025z,0.5,0.5241053128985242,34.0,15.0,1.7356599196016849,1.0567909546956191
427,01_01_a0101135280008100030z,0.5,0.5780996098001245,32.0,15.0,1.7350970292247587,1.03860758612491
428,01_01_a0101135280008100032z,0.6666666666666666,0.519213370215884,25.0,14.0,1.4169578383820949,0.8095662978321269
429,01_02_A0102134010000100019z,0.3333333333333333,0.2214335633517748,49.0,25.0,1.736161829468582,0.94962938915873
430,01_02_A0102134010000100021z,0.3333333333333333,0.4174449593631707,45.0,28.0,1.7358350272922838,0.9575510908083076
431,01_02_a0102134010000100045z,0.6666666666666666,0.3108551248478043,45.0,20.0,0.17835569741052545,0.7390126044898401
432,01_02_A0102134010000200019z,0.3333333333333333,0.25760805824186594,41.0,20.0,1.7341232745311526,0.946256868437375
433,01_02_A0102134010000200024z,0.16666666666666666,0.3362085652496215,45.0,24.0,1.7361638738556582,0.9550534195643849
434,01_02_A0102134010000200028z,0.16666666666666666,0.39413696081087257,51.0,30.0,1.7361401358288615,0.99026897279533
435,01_02_A0102134010000700031z,0.5,0.5204274873456988,28.0,18.0,1.7330263370426744,0.805983517087529
436,01_02_A0102134010000700040z,0.6666666666666666,0.31708587305590674,28.0,11.0,1.0024474604591709,0.7672046314874534
437,01_02_A0102134010001000028z,0.5,0.20565993829764795,26.0,18.0,1.7321960292509029,0.7042051582747109
438,01_02_A0102134010001000038z,0.5,0.3564824020894022,28.0,16.0,1.733381511159594,0.9306345330682546
439,01_02_A0102134010001300016z,0.5,0.8257084992850021,42.0,22.0,1.7430049570586599,1.2943935761212162
440,01_02_A0102134010001300023z,0.3333333333333333,0.4242587417867093,39.0,23.0,1.7369476731603666,0.9600378650572994
441,01_02_A0102134010001300032z,0.8333333333333334,0.17798439061500304,25.0,13.0,1.0127714551696188,0.815497494352088
442,01_02_a0102134010001400034z,0.5,0.14621683355000392,33.0,18.0,1.733096014107742,0.7013957349544025
443,01_02_a0102134010002000024z,0.3333333333333333,0.32497027556554026,37.0,18.0,1.735358992766094,0.985977861220669
444,01_02_A0102134010002100028z,0.16666666666666666,0.388173391723023,50.0,30.0,1.7354745139351495,0.9948492292536576
445,01_02_A0102134010002300032z,0.5,0.24923117595951394,35.0,18.0,1.41781299498027,0.8471877469328736
446,01_02_a0102134010003300053z,0.6666666666666666,0.10897317718590532,21.0,14.0,1.4148579156002132,0.7169544588916466
447,01_02_a0102134010003700032A,0.6666666666666666,0.2912227371409485,23.0,13.0,1.4154068484718707,0.8708555823119056
448,01_02_A0102134010007100034B,0.5,0.46640084746958704,33.0,15.0,1.4155373059228025,0.7805046636034898
449,01_02_A0102134010007100034C,0.5,0.4114187712774947,35.0,18.0,1.4164404877401169,0.8033060762833667
450,01_02_A0102134010008000030z,0.8333333333333334,0.6540450160525132,26.0,12.0,1.0048155300083053,0.9052821955445796
451,01_02_A0102134020000200023d,0.5,0.5022896964497556,28.0,16.0,1.7396498440275447,0.9865516598433821
452,01_02_A0102134020000200023d1,0.5,0.5491621310803425,32.0,18.0,1.7387795830527215,1.077833640944348
453,01_02_A0102134020000200033b,0.5,0.2612851742003645,30.0,17.0,1.7390578161442722,0.8597875192777908
454,01_02_A0102134020000200033c,0.5,0.20389646768967906,32.0,22.0,1.4225905741954696,0.8005299107066303
455,01_02_A0102134020000200034a,0.5,0.1853335619311428,32.0,16.0,1.7391334616334289,0.7620777681452459
456,01_02_A0102134020000400025z,0.5,0.34109168300989445,33.0,19.0,1.7367421904249238,0.9471109984612552
457,01_02_a0102134020000700026B,0.3333333333333333,0.15756601379960827,39.0,21.0,1.7350046594758484,0.7831512356745851
458,01_02_a0102134020000700026C,0.5,0.4197241619117454,37.0,18.0,1.73523895174765,0.8590307179639207
459,01_02_a0102134020000700046B,0.6666666666666666,0.1488459255467457,24.0,10.0,1.0072651741062493,0.6794994577287939
460,01_02_A0102134020000800022z,0.3333333333333333,0.36769980136113206,39.0,22.0,1.7368038041596454,0.9032934148597608
461,01_02_A0102134020000800027z,0.3333333333333333,0.2562467705787751,39.0,22.0,1.7389758614842634,0.8347560239848631
462,01_02_A0102134020000900035z,0.5,0.23647369143048005,30.0,17.0,1.4148478102880389,0.6667243406818497
463,01_02_A0102134020001800026z,0.3333333333333333,0.2687859555317531,34.0,21.0,1.7401059907868175,0.8939455694531602
464,01_02_A0102134020001800033z,0.6666666666666666,0.20836827704705185,34.0,16.0,1.0198030979324235,0.8154176180609941
465,01_02_A0102134020001900026z,0.5,0.3783073142553765,35.0,18.0,1.7349117408203767,0.9036976757530618
466,01_02_A0102134020002800031A,0.6666666666666666,0.4596446854977561,34.0,15.0,1.0130320160263406,0.8245480645657615
467,01_02_A0102134020002800032A,0.5,0.30950845142666283,36.0,17.0,1.4210713120513314,0.8932751521782087
468,01_02_A0102134020002800032B,0.6666666666666666,0.6063834514266628,29.0,12.0,1.4250974296538146,0.8995632314852456
469,01_02_A0102134020003600024A,0.3333333333333333,0.30972802052231263,38.0,22.0,2.000776428635676,0.8469139812052513
470,01_02_A0102134020003600024B,0.3333333333333333,0.430469464230576,29.0,18.0,2.0005943371852357,0.8924679873442365
471,01_02_a0102134020003700034A,0.5,0.26706449246009745,25.0,17.0,1.415345874062136,0.6390018581442823
472,01_02_A0102134020003900029z,0.3333333333333333,0.13417856043412124,33.0,21.0,1.7369720131082662,0.8486443636016077
473,01_02_A0102134020005700032A,0.8333333333333334,0.21527848831465746,29.0,14.0,1.0075498540925392,0.7963971611710586
474,01_02_A0102134020005700032B,0.6666666666666666,0.0912502331947267,25.0,13.0,1.0098551478023403,0.5856056498616413
475,01_02_A0102134020005700038z,0.6666666666666666,0.08881759529697686,42.0,22.0,0.11170831354157504,0.7567637487422897
476,01_02_A0102134020005700041z,0.6666666666666666,0.20266946084562865,45.0,19.0,0.14599950574225534,0.4495061410424081
477,01_02_A0102134020006400032z,0.5,0.2754082341966311,29.0,13.0,1.4194433345455202,0.6609856872549879
478,01_02_A0102134020007600033A,0.5,0.2992897900921669,37.0,18.0,1.0024020047733984,0.676487409793866
479,01_02_a0102134020007600033AA,0.5,0.2989912171773955,37.0,18.0,1.0019126563081433,0.6763211540835673
480,01_02_A0102134030000200026z,0.5,0.2954072329612202,35.0,18.0,1.736363268939057,0.8242739362607637
481,01_02_A0102134030000200033z,0.8333333333333334,0.21560437430909016,26.0,14.0,1.0157544718033058,0.8219389668863106
482,01_02_A0102134030000400026z,0.3333333333333333,0.35054919762204817,37.0,18.0,1.7356847203565753,0.9180161389158392
483,01_02_A0102134030000400033z,0.6666666666666666,0.4889661443139444,34.0,16.0,1.007595657742757,0.7782669692781583
484,01_02_A0102134030000500024z,0.5,0.3641339070649442,31.0,19.0,1.7371036353062992,0.9290201279514771
485,01_02_A0102134030000500026z,0.3333333333333333,0.2409938814195555,33.0,21.0,1.7375174990854894,0.8834581415388517
486,01_02_A0102134030000500034z,0.3333333333333333,0.26622376913269263,35.0,20.0,1.733921791962133,0.8649069694447504
487,01_02_A0102134030001500026z,0.5,0.30950845142666283,33.0,18.0,1.740403553241601,0.8987549201203536
488,01_02_a0102134030001500033A,0.6666666666666666,0.27595668209507696,25.0,14.0,1.0131699216362766,0.8824993737093345
489,01_02_A0102134030001600034z,0.6666666666666666,0.17910006703471745,32.0,15.0,1.002703229928064,0.6919215438082018
490,01_02_A0102134030001800026z,0.6666666666666666,0.34773025432307914,25.0,15.0,1.4319779345214867,0.8354464690580503
491,01_02_A0102134030001800035z,0.6666666666666666,0.2647515979972177,27.0,14.0,1.4178497324141088,0.876381452397895
492,01_02_A0102134030002600031z,0.5,0.4467222872153493,32.0,17.0,1.414861587405335,0.7130783943282007
493,01_02_A0102134030002600033z,0.5,0.3252427506200306,32.0,11.0,1.7327075745722802,0.6943520344723689
494,01_02_A0102134030002600043z,0.6666666666666666,0.11887455757025532,19.0,8.0,1.000102629116961,0.5078844741135945
495,01_02_a0102134030002900031z,0.3333333333333333,0.30970342448888044,36.0,18.0,1.4249525150226403,0.7721110574911607
496,01_02_A0102134030004100023z,0.5,0.15717628905351688,39.0,26.0,1.7363550040913605,0.9155494409711602
497,01_02_A0102134030004100035z,0.3333333333333333,0.3737538105872762,39.0,24.0,1.7325183258890833,1.0324439226336664
498,01_02_A0102134030004100038z,0.5,0.3628927482892206,36.0,18.0,1.4271676361706334,0.9205128175284316
499,01_02_A0102134030004500025A,0.5,0.25383986820390003,32.0,14.0,1.4175094930630143,0.8560149224779061
500,01_02_A0102134030004500025C,0.5,0.23888055425009316,32.0,17.0,1.4165255901974223,0.8759828558388116
501,01_02_a0102134030005200027z,0.6666666666666666,0.3158576577758692,21.0,14.0,1.4170060150387795,0.8958926115448598
502,01_02_a0102134030006100031z,0.6666666666666666,0.2733697663453796,25.0,13.0,1.417318970238025,0.8429465239646271
503,01_02_A0102134030007000032A,0.6666666666666666,0.2213346325949544,35.0,17.0,1.0004920104289403,0.6260568093961315
504,01_02_A0102134030007000032B,0.6666666666666666,0.3570415172450164,21.0,8.0,1.4153262492179526,0.4671023828866112
505,01_02_A0102134030007000044z,0.8333333333333334,0.29824106043412124,21.0,5.0,1.0020269452832724,0.5092303532615814
506,01_02_a0102134030007100032z,0.6666666666666666,0.24992359184180324,29.0,13.0,1.4164035354796978,0.8372096621996942
507,01_02_A0102134030007700032z,0.5,0.11757385856399573,23.0,15.0,1.4149547749555158,0.7741063470773426
508,01_02_A0102134030007800031z,0.8333333333333334,0.2757565622221088,25.0,14.0,1.0027064638874004,0.6311105758489042
509,01_02_A0102134030008000031A,0.6666666666666666,0.2903142948964885,27.0,16.0,1.4152130587997107,0.7212168151761338
510,01_02_a0102134030008300031N,0.8333333333333334,0.2157943806934464,24.0,11.0,1.002302109002521,0.6617160095490309
511,01_02_a0102134030008800026A,0.5,0.14599607920724678,32.0,17.0,1.7321708847957769,0.6572144962289421
512,01_02_a0102134030008800032A,0.5,0.13719071101493174,32.0,17.0,1.7323473282951074,0.6595233740428198
513,01_02_a0102134030009300032z,0.6666666666666666,0.3400900804457918,21.0,13.0,1.4164622018553608,0.7473418731801291
514,01_02_a0102134030009300034z,0.6666666666666666,0.35044612250817425,24.0,8.0,1.4157343437419592,0.6889487247328806
515,01_02_a0102134030010600030B,0.5,0.44214128507851824,37.0,15.0,1.416673840536528,0.93605516610072
516,01_02_a0102134030010600044z,0.8333333333333334,0.06818547260368403,37.0,18.0,0.04588185192696463,0.7335145817144383
517,01_02_a0102134050001000033B,0.6666666666666666,0.18507333917294636,27.0,15.0,1.4160930852098468,0.8057065635531756
518,01_02_A0102134050001100025z,0.3333333333333333,0.3082575058143042,37.0,21.0,1.7375039830177443,0.8658646150858187
519,01_02_A0102134050001100035z,0.5,0.14378666634059678,33.0,17.0,1.4214295200314837,0.735220990579311
520,01_02_A0102134050002400023z,0.6666666666666666,0.2889975387282502,28.0,15.0,1.4208094972387535,0.9026308226060018
521,01_02_A0102134050002400028z,0.6666666666666666,0.2875342450774565,25.0,18.0,1.4241832367218772,0.9174464710048628
522,01_02_A0102134050002400033z,0.8333333333333334,0.2396178781278569,26.0,12.0,1.021186006700516,0.8548196269292292
523,01_02_A0102134050002400045z,1.0,0.2746892948964885,12.0,11.0,0.10004761641395954,0.6089546265241332
524,01_02_A0102134050002900031z,0.6666666666666666,0.2481620624178871,25.0,15.0,1.4187675651341332,0.8713652954600128
525,01_02_A0102134050003000032z,0.5,0.16694518791497984,26.0,13.0,1.4149848170090211,0.6644310962113064
526,01_02_A0102134050003700025z,0.5,0.11373428332568747,41.0,22.0,1.0020457432600134,0.774824085096333
527,01_02_A0102134050003700033z,0.5,0.057619326791054415,49.0,25.0,1.0028168313864994,0.7978647180678271
528,01_02_A0102134050004400031z,0.5,0.2854543584903947,37.0,13.0,1.419151437884851,0.8535328839480277
529,01_02_a0102134050005300024z,0.6666666666666666,0.31076969696722434,27.0,13.0,1.4171563388731885,0.9450938371194294
530,01_02_a0102134050005300033z,0.6666666666666666,0.417128453335242,29.0,14.0,1.4146736235846973,0.7044991906716578
531,01_02_a0102134050005400034B,0.8333333333333334,0.5143491057540872,28.0,9.0,1.002202445073443,0.8031459269455962
532,01_02_A0102134060000300026z,0.5,0.3643072172632728,35.0,18.0,1.7374426235657074,0.949419169811286
533,01_02_A0102134060000700024z,0.3333333333333333,0.2782482428577472,42.0,28.0,1.7363589249390547,0.8709651499999458
534,01_02_A0102134060000700028z,0.5,0.2687859555317531,30.0,17.0,1.7380602953130095,0.851866047223986
535,01_02_A0102134060000800028z,0.5,0.4919830582418659,30.0,19.0,1.7352417542911307,0.8445319165094664
536,01_02_A0102134060000900023z,0.5,0.3190196854977561,63.0,31.0,0.29413172735067783,0.8198734427920881
537,01_02_A0102134060000900031z,0.5,0.3190196854977561,63.0,31.0,0.2391007491698446,0.8089971372212472
538,01_02_A0102134060000900034z,0.3333333333333333,0.2982447311056653,35.0,15.0,1.7384504992313503,0.715554014859126
539,01_02_A0102134060001200026z,0.5,0.34889966500164504,33.0,18.0,1.7366663996676561,0.9126161888896636
540,01_02_a0102134060001400032z,0.3333333333333333,0.3357670446526856,48.0,28.0,1.741648339168019,0.958981511631928
541,01_02_A0102134060001700025z,0.3333333333333333,0.3262961834686322,36.0,21.0,2.001531998556508,0.9100248697232048
542,01_02_A0102134060001700033z,0.6666666666666666,0.22949667992701814,25.0,14.0,1.4175435109628565,0.8553756880411966
543,01_02_A0102134060001800023z,0.3333333333333333,0.5703627799405457,41.0,22.0,1.7354524083372973,0.9926847060911244
544,01_02_A0102134060001800025i,0.3333333333333333,0.2428563703088559,33.0,16.0,2.001923829471782,0.7131752125167836
545,01_02_A0102134060001800031z,0.3333333333333333,0.2464394005402109,35.0,18.0,1.737869469631524,0.7282229368522016
546,01_02_A0102134060001800034z,0.5,0.2337626449953314,26.0,18.0,1.7437836984720416,0.7830794060002071
547,01_02_A0102134060001900016z,0.3333333333333333,0.2736192477436974,40.0,23.0,2.0014627057468366,0.6995384586771128
548,01_02_A0102134060001900018z,0.3333333333333333,0.22273850639194134,29.0,20.0,2.0001200403195383,0.649983049491241
549,01_02_A0102134060001900022z,0.5,0.4158470675698445,33.0,18.0,1.7371628551116007,0.7966307148243307
550,01_02_A0102134060001900025s,0.3333333333333333,0.24017824651861264,33.0,16.0,2.0025217543498277,0.7080550209670526
551,01_02_A0102134060002000016z,0.3333333333333333,0.2742837400438929,40.0,23.0,2.0013644462739197,0.7059847518422805
552,01_02_A0102134060002000022z,0.5,0.41758694754373615,33.0,18.0,1.737013865541874,0.7897532949503935
553,01_02_A0102134060002000025z,0.5,0.5691761149759269,37.0,18.0,1.741061516870215,0.8638211121308287
554,01_02_A0102134060002200026z,0.3333333333333333,0.3094464070649442,36.0,24.0,2.0015799716938214,0.9438824087664172
555,01_02_A0102134060002200031z,0.5,0.3061138262498594,31.0,20.0,1.733963829816297,0.9229475891301784
556,01_02_a0102134070000100034z,0.8333333333333334,0.3861415405597519,26.0,13.0,1.0147914793853852,0.82588894821551
557,01_02_a0102134070000200032z,0.5,0.12705231107578566,34.0,17.0,1.7394009555270793,0.8336828283516876
558,01_02_A0102134070000200033A,0.3333333333333333,0.1792227371409485,35.0,18.0,1.7336129394243118,0.8266353601028287
559,01_02_A0102134070000300018z,0.5,0.22308343365836147,40.0,20.0,1.7368308953650582,0.9191207463514072
560,01_02_A0102134070000300023z,0.3333333333333333,0.2833877751431201,39.0,19.0,1.7364265636482574,0.904967849216586
561,01_02_A0102134070000300027z,0.5,0.20479372260322,30.0,15.0,1.7344713071468816,0.7551741190050449
562,01_02_A0102134070000300030z,0.5,0.17088122942069428,30.0,19.0,1.7333969196070351,0.7985924931320565
563,01_02_A0102134070000300045z,0.6666666666666666,0.09991762484780432,31.0,11.0,1.0079540100913789,0.6957467256985718
564,01_02_A0102134070000500032z,0.6666666666666666,0.3525214242178625,27.0,14.0,1.4185261213941325,0.7508157046440713
565,01_02_A0102134070000600034z,0.6666666666666666,0.1099855961923848,27.0,16.0,1.4246316680068802,0.7980025219135094
566,01_02_A0102134070000900030z,0.5,0.4701555328398733,29.0,19.0,1.4187451404132585,0.7795440079229099
567,01_02_A0102134070001500033a,0.8333333333333334,0.2648744784344809,25.0,13.0,1.0145467226734104,0.8657161786938272
568,01_02_A0102134070001600051z,0.6666666666666666,0.1685560704742819,28.0,16.0,1.0020581019376678,0.6675579508270767
569,01_02_a0102134080002200034A,0.6666666666666666,0.2812520435608058,26.0,16.0,1.0015555290077858,0.539680292413927
570,01_02_a0102134080002200034z,0.6666666666666666,0.2811077856998795,26.0,16.0,1.0019664517137998,0.5393119917390867
571,01_02_a0102134080002200044A,0.6666666666666666,0.3173024873456988,31.0,15.0,0.05697228331628114,0.5146431232271429
572,01_02_a0102134080002200044z,0.6666666666666666,0.3173024873456988,31.0,15.0,0.05702910109363914,0.5136342138001632
573,01_02_a0102134090002100033A,0.5,0.275996942610276,28.0,13.0,1.4148098651277825,0.5717998740353527
574,01_02_a0102134090002100033C,0.8333333333333334,0.2514055328398733,24.0,12.0,1.0016243426132383,0.6533210847956804
575,01_02_a0102134100000200033A,0.6666666666666666,0.28157331185359225,26.0,18.0,1.0011516986968532,0.4549195825619312
576,01_02_a0102134100000300025A,0.8333333333333334,0.2803345876998158,21.0,12.0,1.0254434171856028,0.6814498825241683
577,01_02_a0102134100000300033C,0.8333333333333334,0.25077146768967906,26.0,12.0,1.001856884380269,0.6792504321284147
578,01_02_a0102134100000400033C,0.5,0.2605246886177418,38.0,18.0,1.001521583288066,0.6981623477365971
579,01_02_a0102134100000500025z,0.6666666666666666,0.2695428316135511,21.0,14.0,1.4151362354912695,0.6969192469223165
580,01_02_a0102134100000500032z,0.5,0.27909479159468364,28.0,13.0,1.4151214244428196,0.5777631857232189
581,01_02_a0102134100000600033A,0.6666666666666666,0.2939835130030175,26.0,18.0,1.0012935717350302,0.4585948478547046
582,01_02_a0102134100000600033C,0.8333333333333334,0.24585746277567425,26.0,12.0,1.0014622292562954,0.6524721942628163
583,01_02_a0102134100000700025z,0.6666666666666666,0.27721813499504555,21.0,14.0,1.4157947583330943,0.7077681942695564
584,01_02_a0102134100000700032z,0.5,0.27491223276123355,28.0,13.0,1.4149621436476738,0.5701657309502673
585,01_02_a0102134100000800033A,0.5,0.27531264719016746,28.0,13.0,1.4149158844087844,0.5801681424351294
586,01_02_a0102134100000800033C,0.8333333333333334,0.2464427536835457,26.0,12.0,1.0016910003767945,0.6528214053697883
587,01_02_a0102134100000900033C,0.6666666666666666,0.2259562508199243,25.0,14.0,1.4147961755881968,0.6644122434773579
588,01_02_a0102134100001000033C,0.5,0.2482704779764131,38.0,18.0,1.001280002127125,0.7069507333591339
589,01_02_a0102134100001000042z,0.8333333333333334,0.3645545945433101,34.0,8.0,0.0494423987379504,0.517922668557858
590,01_03_A0103142060000200018z,0.3333333333333333,0.3429102371409486,40.0,20.0,1.7345263340520694,0.8603171353967012
591,01_03_A0103142060000200022z,0.5,0.2736307623285156,35.0,21.0,1.7342098789933822,0.9089894167687324
592,01_03_A0103142060000200028z,0.5,0.2229025804457918,29.0,13.0,1.4210869970281732,0.8795492263169538
593,01_03_a0103142060000200031z,0.5,0.1966822311056653,33.0,17.0,1.4195460973619003,0.8613526152302741
594,01_03_A0103142060000400025z,0.3333333333333333,0.28730674908448817,36.0,19.0,1.7335496832115211,0.8708021601400439
595,01_03_A0103142060000400030z,0.6666666666666666,0.5277554506395711,27.0,16.0,1.011245143343641,0.8053758466566845
596,01_03_A0103142060000400033z,0.5,0.491917503262656,33.0,17.0,1.4167698243217524,0.8165781295619999
597,01_03_A0103142060000500024z,0.6666666666666666,0.2841116260298374,28.0,16.0,1.4201805387178708,0.8847697695357941
598,01_03_A0103142060000500032z,0.8333333333333334,0.17996913918365975,28.0,12.0,1.0150173529255702,0.8134172643308725
599,01_03_a0103142060000600032z,0.8333333333333334,0.2108697663453796,26.0,10.0,1.0127582139699265,0.8448200711504075
600,01_03_A0103142060000700024z,0.5,0.3120675389867683,33.0,15.0,1.4204495977982878,0.9189359063177188
601,01_03_A0103142060000700034z,0.6666666666666666,0.2877504719190703,32.0,15.0,1.0174030309983866,0.894196665245955
602,01_03_A0103142060000800018z,0.3333333333333333,0.34511913814004025,40.0,20.0,1.7350215151335442,0.8663547411597541
603,01_03_A0103142060000800021z,0.3333333333333333,0.25760805824186594,39.0,21.0,1.7333921446294098,0.8711763125780102
604,01_03_A0103142060000800026z,0.5,0.2599027448749006,32.0,17.0,1.7334108790342704,0.8064118834179517
605,01_03_A0103142060001000024N,0.5,0.5521182770470519,33.0,17.0,1.4203405514657397,0.8494241732327102
606,01_03_A0103142060001000033A,0.6666666666666666,0.4883267423089072,32.0,15.0,1.0129408657273355,0.7748094285720546
607,01_03_A0103142060001000033B,0.5,0.29194518791497986,41.0,14.0,1.4168922459129272,0.7770337833690425
608,01_03_A0103142060001600034A,0.6666666666666666,0.2000117923870024,27.0,11.0,1.4193522400617389,0.8077953141496483
609,01_03_a0103142060001600034B,0.6666666666666666,0.20183218549775608,27.0,11.0,1.4193189066030971,0.8040574729592566
610,01_03_A0103142060001600045A,0.6666666666666666,0.2161884674220832,35.0,11.0,0.09089844393443927,0.6568769383885676
611,01_03_a0103142060001900024A,0.5,0.2581337443405329,26.0,14.0,1.7323743333762534,0.7435222910333591
612,01_03_a0103142060001900024B,0.3333333333333333,0.29291250611784625,36.0,23.0,2.0011816995278857,0.8883464077257461
613,01_03_a0103142060001900033z,0.6666666666666666,0.2548430640724704,23.0,15.0,1.414693490103212,0.7639190175499498
614,01_03_a0103142060001900047z,1.0,0.2115480961923848,17.0,5.0,0.09462067839455447,0.5783637699241962
615,01_03_A0103142070000200026z,0.16666666666666666,0.3242305055025304,49.0,26.0,1.7386104478612576,0.8971992340756633
616,01_03_a0103142070000200032z,0.5,0.3988912771046179,32.0,17.0,1.4162224548013715,0.8267363048760722
617,01_03_A0103142072000100025B,0.5,0.2859435426036018,33.0,18.0,1.7373666000803636,0.8625071276720447
618,01_03_A0103142072000100033z,0.6666666666666666,0.20150125539262964,27.0,14.0,1.416336746575637,0.8170346652624924
619,01_03_A0103142072000100044B,0.8333333333333334,0.15913268791497984,22.0,8.0,0.08028176124922695,0.5644569388289921
620,01_03_A0103142090000100031z,0.3333333333333333,0.44649857693423023,34.0,16.0,1.4157438576707997,0.7973784872040607
621,01_03_a0103142100000700026z,0.3333333333333333,0.30269207939289944,38.0,21.0,2.001168698230599,0.9214419652582664
622,01_03_a0103142100000700033z,0.6666666666666666,0.2308717288805016,25.0,14.0,1.4168538092955791,0.8652490865676142
623,01_03_a0103142100000700043z,0.8333333333333334,0.2597832341966311,21.0,5.0,1.0008903759124654,0.6844555179009741
624,01_03_a0103142100000900024a,0.6666666666666666,0.3159610650454002,29.0,15.0,1.4168436381362557,0.9047233235742241
625,01_03_a0103142100000900033a,0.5,0.2314193806934464,29.0,20.0,1.415225979934456,0.7498875330371569
626,01_03_a0103142100000900033b,0.6666666666666666,0.2419296126112269,25.0,17.0,1.4147292491412091,0.6713730828794983
627,01_03_a0103142100000900033c,0.6666666666666666,0.20711446463486585,29.0,17.0,1.4147048335039858,0.7083637446409696
628,01_03_a0103142100000900033d,0.6666666666666666,0.20556651751023916,34.0,17.0,1.0092582576164766,0.8355758164369645
629,01_03_a0103142100000900043z,0.6666666666666666,0.23058123377627746,29.0,11.0,1.001779738286552,0.6242102432478001
630,01_03_A0103142100001900023z,0.5,0.2350549642795916,33.0,18.0,1.7331984182307716,0.8173201061688892
631,01_03_a0103142100001900024z,0.6666666666666666,0.21615937625940584,25.0,11.0,1.4162647008099467,0.8547305810813208
632,01_03_a0103142100001900032z,0.8333333333333334,0.18346757003452815,26.0,14.0,1.0099989126903672,0.8296390251977099
633,01_03_a0103142100001900042z,0.8333333333333334,0.21079918551700355,21.0,10.0,1.000513035108061,0.6764804222569338
634,01_03_a0103142100002200027z,0.5,0.294305305948288,28.0,17.0,1.7333994247017914,0.9100749082433796
635,01_03_a0103142100002200034z,0.6666666666666666,0.2075481137201517,25.0,14.0,1.4174571572972203,0.8409055744217839
636,01_03_a0103142100002200043z,1.0,0.2284722135044577,15.0,2.0,0.06355088600511344,0.6474185625011445
637,01_03_a0103142100002200045z,0.8333333333333334,0.22015553283987327,32.0,7.0,0.07647506134528173,0.7026715477724306
638,01_03_a0103142100003000028z,0.3333333333333333,0.2721250192693079,29.0,16.0,2.00029711052765,0.7126416551154918
639,01_03_A0103142100004100024z,0.5,0.2664478900461473,40.0,17.0,1.0062026357563387,0.8726828752421674
640,01_03_A0103142100004100031A,0.6666666666666666,0.29016010316452834,31.0,15.0,1.0071914480762734,0.8750100096286796
641,01_03_A0103142100004100032C,0.6666666666666666,0.2541768116913232,33.0,13.0,1.00948740378041,0.7222707394220873
642,01_03_A0103142100004500023z,0.6666666666666666,0.5465907745647953,40.0,19.0,1.0049807040560033,0.7661971926487839
643,01_03_a0103142100004800026z,0.5,0.3630777014555427,33.0,13.0,1.4156448944000688,0.7466303363786845
644,01_04_a0104157010004300071z,0.3333333333333333,0.4032528176457353,77.0,37.0,1.0133317008492777,0.7372123897580528
645,01_04_A0104157010004500051z,1.0,0.27635651813268397,18.0,10.0,0.0551056742307043,0.4729649783043084
646,01_04_A0104157010004500065z,0.16666666666666666,0.3636842288805016,55.0,28.0,1.0112209394417442,0.5694046494683899
647,01_04_A0104157010007900022z,0.6666666666666666,0.17362164205368236,25.0,12.0,1.4151291627850169,0.566485059998844
648,01_04_A0104157010007900031A,0.6666666666666666,0.1412355961923848,23.0,12.0,1.4149168236981102,0.5730976894842901
649,01_04_A0104157010008100026z,0.6666666666666666,0.35625351020512364,25.0,17.0,1.4147918762321527,0.7237357558917318
650,01_04_A0104157010008100032B,0.8333333333333334,0.260371942610276,28.0,15.0,1.0043185146579374,0.6033598109111528
651,01_04_A0104157010008100042z,0.8333333333333334,0.2940687005879892,23.0,11.0,0.0672972955832815,0.4471630909686123
652,01_04_a0104157010012700032F,0.6666666666666666,0.4530134824316938,23.0,14.0,1.4150687250104022,0.7777916703481843
653,01_04_a0104157030000800024z,0.6666666666666666,0.29063739416131296,27.0,16.0,1.4218568555029891,0.8718565259234323
654,01_04_A0104157030000800033z,0.6666666666666666,0.19457846111613208,33.0,13.0,1.0031185486850172,0.6953041454925052
655,01_04_A0104157030001200020z,0.3333333333333333,0.4689141676209562,37.0,19.0,1.7352426927469928,0.8695652118808169
656,01_04_A0104157030001200028z,0.3333333333333333,0.22477703787705,31.0,19.0,2.000110311215602,0.7787616375557971
657,01_04_a0104157030001300017A,0.3333333333333333,0.7761222237128285,42.0,22.0,1.7399462193679456,1.22976177872279
658,01_04_a0104157030001300017B,0.3333333333333333,0.7821951397383511,42.0,22.0,1.7385127610384683,1.2388108164546623
659,01_04_a0104157030001300017D,0.3333333333333333,0.7863525095344874,42.0,22.0,1.7389606396901407,1.2458156582976567
660,01_04_A0104157030003700024z,0.3333333333333333,0.267327470272872,31.0,19.0,2.000712728667453,0.8913845804278723
661,01_04_A0104157030003700031z,0.6666666666666666,0.4476188424499129,35.0,14.0,1.0077731275835915,0.8085136448147836
662,01_04_A0104157030004100022z,0.3333333333333333,0.258714800633012,36.0,21.0,2.0014852191362844,0.9032266868340696
663,01_04_A0104157030004200024z,0.3333333333333333,0.2724157195970889,31.0,19.0,2.000785968216707,0.8988181810526709
664,01_04_A0104157030004200031z,0.6666666666666666,0.44516146263114464,35.0,14.0,1.0067185580991669,0.8011892467127506
665,01_04_A0104157030004400022z,0.5,0.30169595142666283,28.0,18.0,1.7335028815095754,0.9207902244488269
666,01_04_A0104157030004400031z,0.5,0.2382928316135511,31.0,17.0,1.4146260490889455,0.6055313858765037
667,01_04_A0104157030004700022A,0.6666666666666666,0.4314923637083084,36.0,19.0,1.0030305732871694,0.6551837025065944
668,01_04_A0104157030004700030z,0.6666666666666666,0.26416118505748115,32.0,15.0,1.0092821600225268,0.6960238416901448
669,01_04_a0104157030006400032z,0.6666666666666666,0.16930577704705185,37.0,19.0,1.0175841038044,0.8409617893017067
670,01_04_A0104157040000700027z,0.3333333333333333,0.4092892590199704,45.0,28.0,1.7398710551774828,0.9844227799108374
671,01_04_A0104157040000700035z,0.6666666666666666,0.3342483832487522,23.0,16.0,1.4145858645304543,0.773239674755917
672,01_04_A0104157040001100033z,0.6666666666666666,0.22900401751023916,29.0,16.0,1.424477806078956,0.8525140634651066
673,01_04_a0104157040001900028z,0.3333333333333333,0.0966818267910544,36.0,19.0,2.0007308808954845,0.8033451810403093
674,01_04_A0104157040002300025z,0.3333333333333333,0.279711185985833,36.0,24.0,2.0012093407065,0.8931689751346352
675,01_04_A0104157040002400025z,0.5,0.2413729588297474,33.0,18.0,1.4164927644854741,0.7824273983706573
676,01_04_A0104157040002400032z,0.8333333333333334,0.22964562366491226,23.0,12.0,1.0062428106379206,0.6571311595744233
677,01_04_A0104157040002900025z,0.3333333333333333,0.3557962138434575,33.0,19.0,2.00358738325083,0.9769075125140426
678,01_04_A0104157040002900035z,0.6666666666666666,0.1909322298040758,23.0,15.0,1.4148470650421718,0.7332009037131965
679,01_04_a0104157040004900032z,0.6666666666666666,0.21006576174633385,27.0,14.0,1.4165915269869018,0.8205136667131654
680,01_04_A0104157040005300032z,0.8333333333333334,0.5073403531747038,28.0,12.0,1.0156077189587849,0.8073198680828498
681,01_04_A0104157040005400028z,0.5,0.13895806577944614,56.0,28.0,1.0047604434763726,0.7765942301428717
682,01_04_A0104157040005400033z,0.5,0.32775688740117603,56.0,28.0,1.0068285752720028,0.5978397413808428
683,01_04_A0104157040005400047z,0.6666666666666666,0.27021087305590674,70.0,33.0,0.03376294996568065,0.5250731106324334
684,01_04_A0104157040005500033A,0.6666666666666666,0.3131105961923848,21.0,8.0,1.4151064481521825,0.4548829591509051
685,01_04_A0104157040005500049z,0.8333333333333334,0.29658723438612755,24.0,9.0,0.1247526434932474,0.6947363971999488
686,01_04_A0104157040005900028z,0.5,0.35597143873382125,41.0,15.0,1.4143649831765592,0.7103856802389499
687,01_04_A0104157040005900031z,0.5,0.2962687508199243,30.0,15.0,1.4151842777247494,0.6966012772941022
688,01_04_A0104157040006200032z,0.5,0.3568866922257877,48.0,27.0,1.0019921054758565,0.50623622842827
689,01_04_a0104157040006300035z,0.6666666666666666,0.4057421751397532,25.0,14.0,1.4150113108632518,0.7201807021929222
690,01_04_a0104157040006300039z,0.5,0.34440993829764793,33.0,14.0,1.4152134821654767,0.7281707435314386
691,01_04_A0104157040006400025A,0.5,0.3050738585639957,41.0,21.0,1.0032944669881507,0.7657655268953237
692,01_04_A0104157040006400030z,0.5,0.323629387042058,32.0,12.0,1.0025037685543206,0.6413432928328796
693,01_04_A0104157040006400032z,0.5,0.4139860918418032,35.0,17.0,1.0026560001238207,0.8066597871982905
694,01_04_a0104157040006700022z,0.6666666666666666,0.4261862540871216,32.0,18.0,1.4167695722089928,0.7600453147911944
695,01_04_a0104157040006800024z,0.5,0.3486699020894022,35.0,18.0,1.733995001540066,0.9671983896587252
696,01_04_a0104157040006800031z,0.6666666666666666,0.42689537039472736,27.0,14.0,1.4164128216248484,0.7684999476468802
697,01_04_a0104157040006900031B,0.8333333333333334,0.3383737540871216,21.0,12.0,1.0012409812737966,0.5192710532134621
698,01_04_a0104157040007300033z,0.6666666666666666,0.2891923269616156,31.0,16.0,1.001910642904836,0.6103148627174688
699,01_04_a0104157040007500032z,0.8333333333333334,0.13147743638906886,24.0,16.0,1.0020948244584311,0.4184691368313905
700,01_04_A0104157200000100015z,0.3333333333333333,0.6772740191922306,45.0,24.0,2.005569911175967,1.1985459117665829
701,01_04_A0104157200000100017z,0.3333333333333333,0.6956342597746934,45.0,24.0,2.0063977493932343,1.2189143837986334
702,01_04_A0104157200000100021z,0.5,0.22122387787101586,33.0,20.0,1.7362544672737408,0.9076684760354072
703,01_04_A0104157200000200015z,0.3333333333333333,0.35015132960266826,43.0,24.0,2.004918566948473,0.9877297873741776
704,01_04_A0104157200000200018z,0.5,0.6590458019118806,40.0,22.0,1.7437601886678893,1.1668318319259643
705,01_04_A0104157200000200022z,0.16666666666666666,0.15111194423888208,45.0,27.0,2.004110401814599,0.8202069899546771
706,01_04_A0104157200000700024z,0.6666666666666666,0.2864924986629207,31.0,17.0,1.4224293359295788,0.9113832982564606
707,01_04_A0104157200000700032z,0.8333333333333334,0.2463274441534365,25.0,12.0,1.0132382046496693,0.8546368306349821
708,01_04_A0104157200002300031z,0.6666666666666666,0.19494438740117606,36.0,18.0,1.0066730846116876,0.6729001218136319
709,01_04_A0104157200002600032z,0.5,0.19658155291220256,30.0,15.0,1.41529780369895,0.7631220677014031
710,01_04_A0104157200002600033z,0.6666666666666666,0.5054291465516785,30.0,14.0,1.0086643787778269,0.853396401338903
711,01_04_A0104157210000400023z,0.6666666666666666,0.26814418209507696,37.0,16.0,1.0074424443062615,0.7423482823200243
712,01_04_A0104157220000800035z,0.6666666666666666,0.2605665793238394,25.0,11.0,1.4159830343304225,0.8561122153664101
713,01_04_A0104157220001300025z,0.6666666666666666,0.25131321931872314,25.0,13.0,1.4196740595991486,0.7201629606562215
714,01_04_A0104157220001300032z,0.6666666666666666,0.22229661131117529,23.0,16.0,1.4146183590784105,0.7270617970743992
715,01_04_a0104157220002200023z,0.5,0.13707363230976627,35.0,21.0,1.7340128926353338,0.7252010602989806
716,01_04_a0104157220002600024z,0.6666666666666666,0.21987570608249468,25.0,11.0,1.4178873855369707,0.6866260178288199
717,01_04_a0104157220003300017z,0.5,0.44131062567256696,42.0,23.0,1.739925954036763,1.0876503397181083
718,01_04_A0104157220003300022z,0.3333333333333333,0.40370758562579706,42.0,23.0,1.736591113163284,0.9604561676225424
719,01_04_A0104157220003300025z,0.3333333333333333,0.3988069665316295,42.0,23.0,1.7367022703619877,0.9618377248990004
720,01_04_A0104157220004500032z,0.8333333333333334,0.21206320608249468,21.0,14.0,1.0067054522117214,0.7007301829237342
721,01_04_a0104157220004800032z,0.8333333333333334,0.2826171751397532,24.0,12.0,1.0058543713869843,0.8487401370160925
722,01_04_A0104157220004900025z,0.3333333333333333,0.23164009740892985,33.0,21.0,2.000621980089331,0.8084365579153037
723,01_04_A0104157220004900026z,0.3333333333333333,0.2213545057051458,36.0,23.0,2.000308067722525,0.8025474328909902
724,01_04_A0104157220004900035z,0.6666666666666666,0.2163649534908597,23.0,15.0,1.4144440189176524,0.7474459834747776
725,01_04_a0104157220005300024z,0.6666666666666666,0.3972932365811537,24.0,15.0,1.4156159635413454,0.7748852821639328
726,01_04_a0104157220005300029z,0.6666666666666666,0.2691716113111753,22.0,15.0,1.4156332758055723,0.7332872250542928
727,01_04_A0104157220005300032z,0.6666666666666666,0.15809193545318478,24.0,14.0,1.4170045816056211,0.8012061522189404
728,01_04_a0104157220005400024z,0.6666666666666666,0.17732967239280234,25.0,12.0,1.4143854175469202,0.7031019580002592
729,01_04_A0104157220005400031N,0.5,0.2481895797088683,27.0,20.0,1.4148824964783338,0.7324657324557605
730,01_04_A0104157220005400041z,1.0,0.07152756170235207,24.0,8.0,0.059325688444858665,0.5118765018515852
731,01_04_A0104157220005400042z,0.8333333333333334,0.1462351298029314,32.0,13.0,0.053277724801224766,0.626346182393173
732,01_04_A0104157220006100031A,0.8333333333333334,0.294332880006132,23.0,15.0,1.005573385512209,0.7026847868683789
733,01_04_A0104157220006300024z,0.3333333333333333,0.2562467705787751,36.0,24.0,2.0009925131424984,0.8690464066655791
734,01_04_A0104157220006300031A,0.5,0.4523909611161321,29.0,18.0,1.0037522992342138,0.6049130676717901
735,01_04_A0104157220006300031B,0.5,0.16784313499504555,34.0,18.0,1.0066008829175583,0.5806834850190555
736,01_04_A0104157220006900023z,0.16666666666666666,0.229625493149308,46.0,28.0,1.734568527871674,0.8692553955864324
737,01_04_A0104157220007200032A,0.6666666666666666,0.2341825983337124,23.0,15.0,1.4143469134387845,0.7386509033636066
738,01_04_A0104157220007400028z,0.3333333333333333,0.3661937294206943,35.0,20.0,1.7332952604725498,0.8555181368894325
739,01_04_a0104157220008600023A,0.6666666666666666,0.32223888566606895,27.0,17.0,1.4153653513978814,0.7764096024529089
740,01_04_a0104157220009100032A,0.6666666666666666,0.1632440324107194,25.0,14.0,1.4158272335082411,0.7731274230196399
741,01_04_a0104157220009100042z,0.8333333333333334,0.26808817429941845,29.0,9.0,1.0016824703254124,0.5940936203901384
742,01_04_a0104157280001400031B,0.6666666666666666,0.2969879847274167,25.0,15.0,1.415012495095597,0.7794362300760966
743,01_04_A0104157280002200031z,0.6666666666666666,0.2484001480282379,23.0,15.0,1.4145459870487638,0.6741009814237783
744,01_04_A0104157280002300031z,0.5,0.12328936559371514,39.0,22.0,1.7325374769829516,0.7002257346133692
745,01_04_A0104157280002300034z,0.5,0.1557852371409485,32.0,13.0,1.4156286058634378,0.8027884803804062
746,01_04_A0104157280002400027z,0.6666666666666666,0.28080391659149784,27.0,13.0,1.4161198967762003,0.6477297406768711
747,01_04_A0104157280002400032z,0.6666666666666666,0.252559442610276,27.0,14.0,1.4172749012645691,0.6266600092066656
748,01_04_A0104157280002500026z,0.5,0.483498284586204,30.0,15.0,1.7336336615159793,0.7904009544537568
749,01_04_A0104157280002500028z,0.6666666666666666,0.4680023424041064,27.0,16.0,1.0082523164245332,0.7725928607058256
750,01_04_A0104157280003400023z,0.6666666666666666,0.4608846142390939,27.0,16.0,1.4165620951829796,0.7588264164983359
751,01_04_A0104157280003400032z,0.8333333333333334,0.2981267948964885,22.0,16.0,1.0017851628970111,0.4906593364604668
752,01_04_A0104157280003400033z,0.8333333333333334,0.2258739788803119,21.0,12.0,1.0020301018420892,0.47046480531906704
753,01_04_A0104157280003400039z,0.6666666666666666,0.2989912171773955,35.0,16.0,1.008915681610698,0.6368704114443468
754,01_04_A0104157280004500032z,0.5,0.15050757421436278,36.0,17.0,1.0113085707841512,0.7465893605759157
755,01_04_A0104157280004500042z,0.6666666666666666,0.1368399917967804,40.0,19.0,0.11803531666918478,0.7712141762851379
756,01_04_a0104157280007400032z,0.5,0.3961533593502795,32.0,17.0,1.732230077196797,0.6933242881756551
757,01_04_a0104157280008400032D,0.8333333333333334,0.24281639244531214,22.0,17.0,1.0020718999526463,0.4449962058857563
758,01_04_a0104157280008500032A,0.5,0.4377163536683394,31.0,11.0,1.7344244613917212,0.732139144927486
759,01_04_a0104157280008500032F,0.5,0.3246717833256875,29.0,11.0,1.732722116138275,0.6357114133013465
760,01_04_a0104157280008700024C,0.6666666666666666,0.3059066488239637,25.0,13.0,1.4232938908308852,0.5959566524476592
761,01_04_a0104157280008800033F,0.5,0.3414111306699177,26.0,15.0,1.4145414459847294,0.4565292913964951
762,01_04_a0104157280008900024C,0.6666666666666666,0.31379066519450793,23.0,13.0,1.4236028121267714,0.5875578011450084
763,01_04_a0104157280008900033D,0.8333333333333334,0.2568679146935557,22.0,12.0,1.0433451604782813,0.5950786481073442
764,01_04_a0104157280008900033E,0.8333333333333334,0.3756105961923848,24.0,12.0,1.024588781996443,0.6659665780098513
765,01_04_a0104157280009000032z,0.6666666666666666,0.4396622911315589,26.0,11.0,1.4925412684373809,0.7263533716579459
766,01_05_a0105151010000100044z,0.8333333333333334,0.1646730961923848,21.0,14.0,1.0058772115541743,0.5039998003138254
767,01_05_a0105151010000600031z,0.3333333333333333,0.2538494914087857,33.0,19.0,1.7329432834998066,0.7251028990516257
768,01_05_A0105151010001600019z,0.16666666666666666,0.2832877039207221,45.0,26.0,1.7399874210548592,0.822380656232148
769,01_05_A0105151010001600025z,0.16666666666666666,0.39649016426388894,46.0,28.0,1.7372635121866766,0.9743108220694268
770,01_05_a0105151010006200024z,0.5,0.2586353900461473,29.0,19.0,1.4163615794738151,0.8828807838206029
771,01_05_a0105151010006200031A,0.6666666666666666,0.2971835214546741,33.0,15.0,1.0042755305284692,0.8574317011641842
772,01_05_a0105151010006200031B,0.5,0.0752335130030175,33.0,16.0,1.4145004647870307,0.7609859539910094
773,01_05_a0105151010006200041z,0.6666666666666666,0.20448840668489016,36.0,10.0,1.000782375183787,0.687453937896713
774,01_05_a0105151010006400023z,0.6666666666666666,0.4243612485932199,27.0,16.0,1.416516947411978,0.7206486211341013
775,01_05_a0105151050000100031z,0.16666666666666666,0.4136040172450164,36.0,19.0,1.7347207032188992,0.7246067781592036
776,01_05_a0105151050000700032z,0.8333333333333334,0.23689418209507696,25.0,12.0,1.0125612632758192,0.8491850095751832
777,01_05_a0105151050001400020z,0.3333333333333333,0.6306097829545347,46.0,27.0,2.0064191397292155,1.2002294562756337
778,01_05_a0105151050001400031z,0.5,0.3476036895219009,31.0,19.0,1.7341113217142896,0.9365837156353743
779,01_05_a0105151050002000032z,0.6666666666666666,0.2345219972912859,29.0,15.0,1.414775856075836,0.6711082635244023
780,01_05_A0105151050002000033z,0.6666666666666666,0.3357450983337124,24.0,16.0,1.414599137905576,0.7023202430127121
781,01_05_A0105151050002000038z,1.0,0.13797890484842126,13.0,4.0,0.0723895926882612,0.5037781348311497
782,01_05_A0105151050002000042z,1.0,0.16340168291615353,13.0,4.0,0.07041785140260749,0.5286586590465011
783,01_05_a0105151050003100032z,0.6666666666666666,0.2273670860343712,23.0,16.0,1.4149333137695217,0.6846407986376627
784,01_05_A0105151050004000024z,0.5,0.26251636305526416,37.0,19.0,1.7347213299641335,0.9607795464666352
785,01_05_A0105151050004000033z,0.6666666666666666,0.22107763267058897,25.0,12.0,1.4157199909269391,0.8410588876436119
786,01_05_A0105151050004900023z,0.6666666666666666,0.15121942862151094,31.0,13.0,1.4161894382847953,0.7769148525833383
787,01_05_A0105151050004900032A,0.6666666666666666,0.22490100446978967,25.0,14.0,1.4153179032275152,0.5793181968679086
788,01_05_A0105151050006500032A,0.6666666666666666,0.2602466545629022,22.0,13.0,1.4160111512958509,0.8962601060609009
789,01_05_A0105151050006800022A,0.5,0.2645534893533379,29.0,16.0,1.417690630192972,0.8429002086830242
790,01_05_A0105151050006800031z,0.8333333333333334,0.2654827856998795,25.0,12.0,1.002387553109826,0.4740950683883954
791,01_05_A0105151050006800040z,0.6666666666666666,0.2040329928005894,33.0,14.0,0.062377693757355177,0.3735588141075995
792,01_05_a0105151050008900031A,0.6666666666666666,0.19026351894812596,33.0,17.0,1.0044968579743734,0.6742013362078854
793,01_05_a0105151050008900031B,0.5,0.20558282302767092,36.0,13.0,1.415761003572083,0.8240670425941871
794,01_05_a0105151050008900031C,0.6666666666666666,0.4100899803259965,27.0,13.0,1.4155146545821626,0.7389729150515669
795,01_05_A0105151054000100025z,0.3333333333333333,0.28736918821012314,41.0,22.0,1.7330453355417117,0.8337513335217289
796,01_05_a0105151069000100034z,0.6666666666666666,0.44950031001527896,23.0,17.0,1.4146951736173954,0.7687294826124295
797,01_05_A0105151080000100033A,0.6666666666666666,0.27412565700454616,27.0,14.0,1.4147277248331602,0.6991370506369171
798,01_05_a0105151080000400031z,0.6666666666666666,0.2432793291807496,27.0,13.0,1.4171425741554375,0.8573348398394921
799,01_05_a0105151080000400036z,0.6666666666666666,0.1485294934086589,28.0,9.0,1.0010964378739544,0.6850981294809189
800,01_05_A0105151080001700042z,0.6666666666666666,0.12474211261122692,26.0,12.0,1.0011239688662097,0.5461770771550832
801,01_05_a0105151080001800032D,0.6666666666666666,0.27184201869769264,32.0,12.0,1.0017082384338385,0.4290687462047191
802,01_05_a0105151080003200032A,0.6666666666666666,0.2145593381624062,24.0,14.0,1.4148101721604478,0.6315040910734034
803,01_06_a0106143190000300033z,0.5,0.34585095879043304,28.0,18.0,1.7339046889278191,0.94413480509874
804,01_06_a0106143190001200028z,0.5,0.2698404741440067,35.0,19.0,1.7359694652757836,0.8987447800389341
805,01_06_a0106143190001200036z,0.8333333333333334,0.5031058360326791,26.0,13.0,1.012074944712141,0.7824064903320984
806,01_06_a0106143190001300033B,0.6666666666666666,0.23958020871892405,20.0,16.0,1.4156532493499767,0.7391034349112736
807,01_06_a0106143190002900025z,0.5,0.3336664072919357,33.0,18.0,1.7380178767726104,0.9206031458851892
808,01_06_a0106143190002900033z,0.8333333333333334,0.2552196276882123,26.0,10.0,1.0118025853022168,0.868430863325988
809,01_06_A0106143190003600023z,0.3333333333333333,0.3812126480282379,32.0,22.0,1.7351493283330768,0.7887775691310919
810,01_06_a0106143190003600033z,0.6666666666666666,0.3475264458655874,30.0,15.0,1.0043124118620623,0.7069941459952908
811,01_06_a0106143200000200033N,0.8333333333333334,0.5464102371409485,24.0,13.0,1.0112779513427224,0.7864951722405161
812,01_06_a0106143200000200033S,0.6666666666666666,0.3305144038076152,22.0,8.0,1.4189253856926192,0.4859727741973122
813,01_06_a0106143200000200033T1,0.6666666666666666,0.1964900509465798,29.0,14.0,1.4223023110874733,0.7932791415296528
814,01_06_A0106143200000400036z,0.8333333333333334,0.5221001596215687,27.0,14.0,1.0216418367100857,0.7962175208607069
815,01_06_A0106143200000500027z,0.3333333333333333,0.2719697329612202,35.0,18.0,2.0031769334085525,0.932638941105078
816,01_06_A0106143200000500034z,0.8333333333333334,0.0859675643998703,26.0,10.0,1.0101326447802024,0.7615056883939305
817,01_06_A0106143210002300033A,0.6666666666666666,0.2057177592648424,27.0,13.0,1.4166467262629263,0.843227601720195
818,01_06_A0106143300000200033z,0.6666666666666666,0.4613459255467457,27.0,13.0,1.4209780898049522,0.8140042017754563
819,01_06_a0106143300000300025z,0.3333333333333333,0.29962028868734025,38.0,21.0,2.0017811460760435,0.9576819378779291
820,01_06_a0106143300000300034z,0.6666666666666666,0.17663957790232274,30.0,17.0,1.4171822085775072,0.7977921450834607
821,01_06_A0106143300000600052A,0.6666666666666666,0.35587946445451546,55.0,26.0,0.1438313327924765,0.8206917574618977
822,01_07_A0107152050000100023z,0.3333333333333333,0.32305778868734025,37.0,18.0,1.7370737353963912,0.9346598216979108
823,01_07_A0107152050000100024z,0.3333333333333333,0.30595720041778474,37.0,18.0,1.7365140773933274,0.9370518567208193
824,01_07_A0107152050000100029z,0.3333333333333333,0.2059816228277881,37.0,19.0,1.7341462264298686,0.8315689240944877
825,01_07_A0107152050000100034z,0.5,0.18871454625775766,33.0,16.0,1.4180700625778595,0.7862811337417672
826,01_07_A0107152050000400024z,0.5,0.3792325772393496,35.0,18.0,1.7366339197406089,0.8962256310627997
827,01_07_A0107152050000400028z,0.3333333333333333,0.32669776617695323,36.0,19.0,1.7340960911689818,0.8639409284523424
828,01_07_A0107152050000400031z,0.3333333333333333,0.22708114422059456,36.0,19.0,1.7334169670234505,0.8065215129712625
829,01_07_A0107152050000500021z,0.5,0.3764961453806489,33.0,20.0,1.7357385422846572,0.9867936775534112
830,01_07_A0107152050000500034z,0.5,0.18563571439569448,36.0,19.0,1.4184879782968178,0.8442936037582927
831,01_07_A0107152050000600023z,0.3333333333333333,0.3299306409210173,37.0,18.0,1.7368810553287546,0.9458123643041246
832,01_07_A0107152050000600025z,0.5,0.22091081053544392,33.0,16.0,1.4198300414600296,0.8838995359166117
833,01_07_A0107152050000600030z,0.3333333333333333,0.18869055654536734,36.0,19.0,1.734519612116923,0.7685355514998675
834,01_07_A0107152050000600034z,0.3333333333333333,0.17208224127317995,36.0,21.0,1.7340709144976127,0.7854084904757628
835,01_07_A0107152050000700027z,0.5,0.19409628365257647,28.0,15.0,1.735608876919886,0.7305171454306549
836,01_07_A0107152050000700029z,0.5,0.18563571439569448,31.0,19.0,1.7370875289459833,0.7720965143192121
837,01_07_a0107152050000700032z,0.3333333333333333,0.16465530006482215,35.0,19.0,1.734364086773903,0.772648639193909
838,01_07_A0107152050000700033A,0.3333333333333333,0.37103257071467777,37.0,18.0,1.7332679408757394,0.8002781303796139
839,01_07_A0107152050000700033B,0.5,0.22874645341597036,35.0,19.0,1.7357760812831735,0.7116652156533158
840,01_07_A0107152050000800024z,0.3333333333333333,0.3939357358539473,33.0,16.0,1.7396873053445836,0.9580696205448356
841,01_07_A0107152050000800033z,0.8333333333333334,0.2873644773487017,24.0,12.0,1.005750085073719,0.717261480974312
842,01_07_A0107152050000800043z,1.0,0.1820019825032897,18.0,11.0,0.12075153883553782,0.6588331908981315
843,01_07_a0107152050000900020z,0.16666666666666666,0.4116992897391741,46.0,28.0,1.7390602398710548,0.9802054873645916
844,01_07_a0107152050000900022z,0.5,0.2923978783838864,35.0,18.0,1.7348295248137109,0.8866637342365964
845,01_07_a0107152050000900032z,0.8333333333333334,0.3512467818747114,22.0,15.0,1.0058406722483315,0.6305560069556817
846,01_07_a0107152050001000024A,0.5,0.3255549986629207,37.0,17.0,1.7404930550509954,0.910354526805337
847,01_07_a0107152050001300021z,0.6666666666666666,0.2501129847274167,24.0,13.0,1.4195345869260232,0.7814353182139151
848,01_07_a0107152050001300032z,0.8333333333333334,0.28148937589000894,25.0,15.0,1.0105014282429683,0.6232955493532176
849,01_07_a0107152050001500034z,0.5,0.2904608323790437,34.0,16.0,1.4166626643479396,0.8864449001926702
850,01_07_A0107152050001600018z,0.3333333333333333,0.4248237667419782,38.0,19.0,1.7380420819007325,1.025075916673425
851,01_07_A0107152050001600019z,0.5,0.4816424902273682,33.0,18.0,1.7427231785555186,1.0255521186092222
852,01_07_a0107152050001700028z,0.16666666666666666,0.2710594216957405,47.0,26.0,1.7376303856550044,0.8187193388686029
853,01_07_A0107152050001800025z,0.3333333333333333,0.100157586364375,34.0,16.0,1.738643284889121,0.7531650415686071
854,01_07_A0107152050001800031z,0.5,0.3480744612887445,26.0,19.0,1.734707400404721,0.7591663748173528
855,01_07_A0107152050001900021z,0.3333333333333333,0.2863118460518397,38.0,21.0,1.7360341419437484,0.9437828241892862
856,01_07_A0107152050001900027z,0.3333333333333333,0.09227961425107556,35.0,19.0,1.7330004790246127,0.7304060841756237
857,01_07_A0107152050001900028z,0.5,0.3181033064478792,32.0,17.0,1.737772325065834,0.9294933057102368
858,01_07_A0107152050001900031z,0.5,0.267491556682848,26.0,17.0,1.7371058897424567,0.7602500960716557
859,01_07_a0107152050002000028z,0.3333333333333333,0.3160700058143042,36.0,19.0,1.7337376002610816,0.8988893151329613
860,01_07_A0107152050002000033z,0.6666666666666666,0.4496846702664589,25.0,15.0,1.4147915366173403,0.7107894428141925
861,01_07_a0107152050002200025z,0.5,0.2956004453803198,38.0,21.0,1.73305667801829,0.8284022553754453
862,01_07_a0107152050002200036A,0.5,0.1714513172325739,30.0,18.0,1.7325141152311123,0.7572840260017571
863,01_07_A0107152050002400027z,0.5,0.34986918821012314,38.0,21.0,1.7327595390416315,0.817939250411827
864,01_07_A0107152050002400036z,0.5,0.32140800998548824,30.0,18.0,1.7329564046160355,0.7534318135811584
865,01_07_A0107152050002600022z,0.3333333333333333,0.2865965747126712,34.0,18.0,1.7418385074953513,0.871722285543728
866,01_07_a0107152050002900026z,0.5,0.3514565134183356,38.0,21.0,1.7327709357159715,0.8136520730509655
867,01_07_a0107152050002900034z,0.5,0.32140800998548824,30.0,18.0,1.7328017711845454,0.746120874280778
868,01_07_a0107152050003200033z,0.6666666666666666,0.2573540172450164,25.0,14.0,1.4145504513837894,0.7049762510856233
869,01_07_A0107152050003300034z,0.5,0.23063524816454256,32.0,18.0,1.4173893443239172,0.7703753264462118
870,01_07_A0107152050003400026z,0.6666666666666666,0.26519623920790586,24.0,13.0,1.4212609942429668,0.8130226947734862
871,01_07_A0107152050003400035z,0.6666666666666666,0.27468903299948016,27.0,18.0,1.006848137689214,0.6165631385974981
872,01_07_A0107152050003500027z,0.5,0.2505008186748204,31.0,18.0,1.7359546014850429,0.7690683452658085
873,01_07_A0107152050004200034z,0.5,0.3672175643998703,23.0,15.0,1.415991190796195,0.6159616184143953
874,01_07_A0107152050004300024z,0.5,0.4957591507962392,28.0,18.0,1.7322500309513416,0.7640259837301937
875,01_07_A0107152050004300032z,0.6666666666666666,0.20718683245612107,25.0,16.0,1.4147380270121481,0.6999733391282023
876,01_07_A0107152050004300038z,0.8333333333333334,0.2276710357528244,18.0,7.0,1.0009973404180794,0.6662967110598257
877,01_07_A0107152050004600014z,0.3333333333333333,0.57649696194715,45.0,24.0,1.7349792724004067,1.0763959161292982
878,01_07_A0107152050004800024z,0.3333333333333333,0.4149224920429093,38.0,23.0,2.0019431992968517,1.0044447364006144
879,01_07_A0107152050004800030z,0.5,0.23821486820390006,33.0,18.0,1.7331135943540268,0.8420262467543229
880,01_07_a0107152050005000034A,0.8333333333333334,0.22352653067328687,27.0,13.0,1.015889999037259,0.8371707653950852
881,01_07_A0107152050005700033z,0.5,0.2446022900921669,34.0,14.0,1.4151909647623822,0.6579695475079742
882,01_07_A0107152050006000022z,0.3333333333333333,0.2579569565742464,34.0,21.0,2.00027309573404,0.7983910076306111
883,01_07_A0107152050006000030z,0.6666666666666666,0.3223785298112285,23.0,16.0,1.414922833049283,0.6882631474504574
884,01_07_A0107152050006000040A,0.6666666666666666,0.4207573230546873,24.0,13.0,1.0006991202115023,0.5892412514339121
885,01_07_A0107152050006000040B,0.5,0.33081657813369403,34.0,14.0,1.414479494558417,0.6648428872048424
886,01_07_A0107152050006100035zj,0.5,0.18351289504295956,30.0,11.0,1.4193797801009125,0.7218954782442238
887,01_07_a0107152050006100038z,0.5,0.3503215003494019,22.0,18.0,1.4226202956862013,0.8105980644690111
888,01_07_A0107152050006400032B,0.5,0.354121942610276,30.0,17.0,1.4151050523691668,0.6651691127093804
889,01_07_A0107152050006900020z,0.3333333333333333,0.29614346727510743,36.0,23.0,2.001906736268665,0.8779667782429531
890,01_07_A0107152050006900032A,0.6666666666666666,0.23559834129042398,21.0,15.0,1.4162118937328971,0.6980944709800908
891,01_07_A0107152050006900032B,0.5,0.3027867661929363,31.0,14.0,1.4151183104184342,0.7719746294348453
892,01_07_A0107152050007400023z,0.5,0.4375418060424919,27.0,17.0,1.7322404136119804,0.7520064068557423
893,01_07_A0107152050007400031z,0.6666666666666666,0.23568821931872316,23.0,16.0,1.4145748704738403,0.7087441413063656
894,01_07_a0107152050008700020A,0.3333333333333333,0.4516463482520596,36.0,20.0,2.0032710770461617,1.019881419166071
895,01_07_a0107152050008700020B,0.3333333333333333,0.3587091917934809,36.0,21.0,2.001468676150546,0.9388049279492532
896,01_07_a0107152050008700023z,0.6666666666666666,0.25480182543770924,29.0,14.0,1.4161941916473957,0.8928672888568129
897,01_07_a0107152050010300031z,0.5,0.2018840003494019,34.0,19.0,1.0044555662692336,0.8178871055844725
898,01_07_a0107152050012200030B,0.6666666666666666,0.1187768049835936,23.0,15.0,1.4176772863757248,0.7091354547991128
899,01_07_A0107152070000100034z,0.8333333333333334,0.3491145111811991,22.0,15.0,1.0051080442816849,0.7428430402930696
900,01_07_A0107152070000700023A,0.5,0.15066224976061782,27.0,19.0,1.7324256842158063,0.7500511913595249
901,01_07_A0107152070000700023B,0.5,0.2352919687414044,33.0,19.0,1.7328537067324998,0.8404839629179477
902,01_07_A0107152070000700024A,0.5,0.6127948808394174,32.0,19.0,1.7339269288867043,0.9408366647080024
903,01_07_A0107152070000700024B,0.3333333333333333,0.3331868460518397,33.0,21.0,2.001541981401825,0.8873051011180718
904,01_07_A0107152070000700032z,0.6666666666666666,0.2207063735973065,23.0,15.0,1.4143993959015764,0.7274820606035709
905,01_07_A0107152070000700049z,0.8333333333333334,0.2440972135044577,19.0,9.0,1.0004009245383167,0.6210734400614879
906,01_07_a0107152070000800023a,0.6666666666666666,0.15712749904571044,26.0,16.0,1.4174662360245902,0.7461209484868254
907,01_07_a0107152070000800023b,0.6666666666666666,0.19494668187550035,26.0,16.0,1.416771030040054,0.7496100856726757
908,01_07_a0107152070000800024a,0.5,0.4182530401712515,32.0,15.0,1.7387979715994422,0.9384537500304606
909,01_07_a0107152070000800024b,0.5,0.2869697896597052,31.0,18.0,1.7366417293298324,0.8847796907545455
910,01_07_a0107152070000800032z,0.8333333333333334,0.2242783593502795,21.0,14.0,1.0071803256259488,0.6817836269807646
911,01_07_A0107152070000900038z,0.5,0.21303009267950426,37.0,21.0,1.732510450263542,0.7719144957421721
912,01_07_A0107152070001100035z,0.8333333333333334,0.18395237373242726,19.0,9.0,1.00392209254135,0.4827378067317676
913,01_07_A0107152070001200033z,0.8333333333333334,0.35245273825055035,22.0,15.0,1.0051322469692785,0.7391048327332035
914,01_07_A0107152070001300032z,0.8333333333333334,0.4014823067187006,30.0,13.0,1.0019880072279408,0.6723369138751183
915,01_07_a0107152070001400024z,0.16666666666666666,0.2962916250619706,47.0,28.0,1.7367703156079282,0.9063929157061916
916,01_07_A0107152070001600034z,0.8333333333333334,0.26450612067508505,18.0,13.0,1.006915837366799,0.6362074690737615
917,01_07_a0107152070002500054z,0.8333333333333334,0.20183218549775608,37.0,21.0,0.0909685703526828,0.8353709797116925
918,01_07_A0107152080000100025z,0.3333333333333333,0.17241241118067518,35.0,18.0,1.7388736048452704,0.8233725620129362
919,01_07_A0107152080000100029z,0.5,0.10103705033108724,28.0,15.0,1.7340313650582844,0.7013995354523768
920,01_07_A0107152080000100034z,0.5,0.100704853732988,28.0,15.0,1.73455383311982,0.7016346552953621
921,01_07_A0107152080000200033z,0.6666666666666666,0.3535332341966311,25.0,16.0,1.41718415178751,0.5905425198760446
922,01_07_a0107152080000400024C,0.3333333333333333,0.30545896768967906,36.0,21.0,2.001774797274152,0.7976836118386059
923,01_07_A0107152080000400032A,0.6666666666666666,0.3535332341966311,25.0,16.0,1.41718415178751,0.5905425198760446
924,01_07_a0107152080000700026z,0.3333333333333333,0.3600712219894334,40.0,26.0,1.7372930370685111,0.9519140729378182
925,01_07_a0107152080000700032z,0.6666666666666666,0.26212375408712163,23.0,14.0,1.4164234783453944,0.7155647797797631
926,01_07_a0107152080000800025z,0.16666666666666666,0.17495079340816205,37.0,26.0,2.005095696432716,0.7410338675643671
927,01_07_A0107152080000800026z,0.5,0.08741223276123355,33.0,18.0,1.7344925755130365,0.7154330289443376
928,01_07_A0107152080000800028z,0.3333333333333333,0.08446711425107556,37.0,19.0,1.7331125008594082,0.7228989440652573
929,01_07_A0107152080000800034z,0.5,0.08656639244531218,33.0,19.0,1.732812185355939,0.6986732949563583
930,01_07_A0107152080001000025A,0.5,0.3368034931546943,35.0,18.0,1.735824013817853,0.90139489335823
931,01_07_A0107152080001000025B,0.6666666666666666,0.4262355961923848,27.0,16.0,1.4183785786606438,0.7455433925377973
932,01_07_A0107152080001000030z,0.6666666666666666,0.2309230961923848,29.0,13.0,1.4188775050077944,0.7168843018906559
933,01_07_A0107152080001200025z,0.3333333333333333,0.4223134320761665,37.0,22.0,1.7384470338605371,0.9570997322044644
934,01_07_A0107152080001200029z,0.3333333333333333,0.3400900804457918,35.0,16.0,1.73622671689549,0.8481081595175471
935,01_07_A0107152080001200032z,0.6666666666666666,0.3309993489156963,28.0,16.0,1.0061632734943655,0.7384466474068367
936,01_07_A0107152080001300023z,0.5,0.257112032973994,33.0,18.0,1.7346797326547403,0.8136408263994198
937,01_07_a0107152080002200025z,0.3333333333333333,0.31745084448558136,43.0,28.0,1.738474363535935,0.9191638321316866
938,01_07_a0107152080002200032z,0.8333333333333334,0.2833160298112285,21.0,12.0,1.0046350887312172,0.6919981823039154
939,01_07_A0107152080002500025z,0.5,0.2868897730965617,35.0,18.0,1.7347622620454894,0.8083687001192769
940,01_07_A0107152080002500032z,0.6666666666666666,0.23688933182456876,29.0,15.0,1.0055018878962565,0.7540737688490271
941,01_07_A0107152080002700025z,0.3333333333333333,0.3455257674439789,36.0,21.0,2.001799483611323,0.9216084565235926
942,01_07_A0107152080002700033z,0.6666666666666666,0.2503212443405329,20.0,16.0,1.4165938745902245,0.7062296515741078
943,01_07_A0107152080002700043z,0.8333333333333334,0.16382715670193893,17.0,10.0,1.0001571574481414,0.7081826566019643
944,01_07_A0107152080002800025z,0.3333333333333333,0.3516420539842936,36.0,21.0,2.001380272865392,0.9357270142490954
945,01_07_A0107152080002800033z,0.6666666666666666,0.2429598456747865,20.0,16.0,1.4157424029664514,0.7030689650485981
946,01_07_A0107152080002800043z,0.8333333333333334,0.1611715901682884,17.0,10.0,1.0007880995510434,0.7238747097306244
947,01_07_A0107152080003000025z,0.5,0.2644592804029111,30.0,17.0,1.4151600563845033,0.6934748096114686
948,01_07_A0107152090000200026z,0.3333333333333333,0.3516420539842936,36.0,21.0,2.0014217808927337,0.8925819660051174
949,01_07_A0107152090000600026z,0.5,0.3388226665194796,35.0,18.0,1.7401630892687767,0.8999125663801048
950,01_07_A0107152090000600033SN,0.8333333333333334,0.2867909906239393,27.0,15.0,1.0072656906825097,0.7524708875855018
951,01_07_A0107152090000600045N1,0.8333333333333334,0.24202724841914405,32.0,18.0,0.12797151525098185,0.7354312635966354
952,01_07_a0107152090001100033z,0.6666666666666666,0.4484695208043582,26.0,15.0,1.0073971852351122,0.6684121079020942
953,01_07_A0107152090001700035z,0.6666666666666666,0.313371556526414,29.0,14.0,1.418586995143687,0.7599892630964244
954,01_07_A0107152090002200026z,0.3333333333333333,0.295087176327825,34.0,18.0,1.7367256964115323,0.8896512901791032
955,01_07_A0107152090002200031z,0.5,0.24841041719477144,32.0,16.0,1.419649358436288,0.8443215595856943
956,01_07_a0107152090002400025z,0.5,0.3644447029209231,33.0,18.0,1.4178272339276776,0.8049280674616691
957,01_07_A0107152090002400033z,0.8333333333333334,0.29890128411184785,27.0,16.0,1.0068882703162307,0.7327417805156751
958,01_07_a0107152090002400045z,0.8333333333333334,0.2692468381624062,23.0,16.0,0.11647968826839478,0.6792319049134757
959,01_07_A0107152090002400054z,0.8333333333333334,0.18182969537089064,31.0,18.0,0.12729160666777758,0.656926451357031
960,01_07_a0107152090002700025z,0.5,0.4950207607359092,27.0,17.0,1.7323109937843342,0.7466855604367434
961,01_07_a0107152090002700033A,0.5,0.2537209591900429,29.0,13.0,1.415205641590248,0.7532988643510748
962,01_07_A0107152090002800026z,0.3333333333333333,0.2248988081963299,36.0,23.0,2.0009143694122185,0.8509798588929015
963,01_07_A0107152090003600034z,0.6666666666666666,0.4245236396706457,25.0,17.0,1.4170593992585905,0.878560162172978
964,01_07_A0107152090003600047z,0.6666666666666666,0.052187733194726686,26.0,17.0,1.0011234674694265,0.7519205065814597
965,01_07_a0107152090003900024z,0.6666666666666666,0.14538430308893652,23.0,14.0,1.415914923500674,0.5910627363281885
966,01_07_a0107152090003900034z,0.5,0.2060050952969769,33.0,12.0,1.4183412680885594,0.6126943289148828
967,01_07_a0107152090003900045z,0.5,0.25136913814004025,34.0,12.0,1.0085206768426491,0.6282566581071589
968,01_07_A0107152090004200025z,0.6666666666666666,0.2528800952969769,25.0,15.0,1.4151992276853314,0.759386456528037
969,01_07_A0107152099000100025z,0.5,0.29265538541955105,33.0,18.0,1.7354481880078738,0.806517283016787
970,01_07_A0107152099000100031z,0.5,0.2557714731855511,33.0,20.0,1.7342640489063608,0.8075561835319401
971,01_07_A0107152099000100032z,0.8333333333333334,0.2210690622221088,24.0,14.0,1.0057332318550678,0.6774411449605257
972,01_07_A0107152100000100025A,0.5,0.2753665709902777,28.0,17.0,1.7331855785017165,0.8846102677359643
973,01_07_A0107152100000100025B,0.5,0.35899167653488795,35.0,18.0,1.7396319869350367,0.9005268426053125
974,01_07_A0107152100000100043z,0.6666666666666666,0.27597035917206875,31.0,15.0,0.13837951563173884,0.6365898239499386
975,01_07_a0107152100000200031z,0.6666666666666666,0.20917614820936992,25.0,16.0,1.4146719368222331,0.6230924986573351
976,01_07_A0107152100000200049z,0.8333333333333334,0.1912827249626864,26.0,5.0,0.12867178273227867,0.6208111191008657
977,01_07_A0107152100000300025z,0.3333333333333333,0.598483459182208,36.0,21.0,2.0013462917469687,0.8809925921071375
978,01_07_A0107152100000400024z,0.5,0.2654931555876332,37.0,18.0,1.7383501293121544,0.8438594614840774
979,01_07_a0107152100000400025z,0.5,0.2696308290083493,37.0,18.0,1.7390499645090756,0.8487548377513665
980,01_07_A0107152100000400026z,0.6666666666666666,0.10316897531326392,31.0,16.0,1.4195503948632966,0.6682850206340435
981,01_07_A0107152100000400034z,0.6666666666666666,0.21524875408712166,24.0,16.0,1.0046535208977403,0.6463788643882251
982,01_07_A0107152100001300024z,0.6666666666666666,0.4457418316912247,27.0,17.0,1.4168937996634368,0.7379195426762105
983,01_07_A0107152100001300032z,0.8333333333333334,0.4991854588297474,17.0,12.0,1.0103282637920428,0.7269268008043525
984,01_07_A0107152100001600026z,0.6666666666666666,0.2407045504407508,27.0,15.0,1.4156195096096102,0.6926138418980917
985,01_07_A0107152100001600034z,0.8333333333333334,0.20858639747850127,19.0,9.0,1.001011773802698,0.4323435651146751
986,01_07_A0107152100001800031A,0.8333333333333334,0.11342994830410234,21.0,9.0,1.002152566761667,0.4197538700984703
987,01_07_a0107152100001900033B,0.6666666666666666,0.35754740937919804,25.0,12.0,1.4231721085719211,0.7545995815338954
988,01_07_A0107152100001900033z,0.6666666666666666,0.35292590668489016,27.0,12.0,1.4240453366150734,0.7478300484494164
989,01_07_A0107152100002400025z,0.6666666666666666,0.2984224270275025,27.0,14.0,1.4151434323023349,0.7378359361606143
990,01_07_A0107152102000100024z,0.5,0.36108238344940413,31.0,17.0,1.416859586976542,0.7847640985796047
991,01_07_A0107152102000100032A,0.5,0.3077799194586041,33.0,17.0,1.4151105732705829,0.7060107098994893
992,01_07_A0107152102000100041z,0.5,0.31217497822014784,33.0,17.0,1.4223949295872065,0.7649303535346061
993,01_07_a0107152120000600024z,0.5,0.26090856439155685,26.0,15.0,1.7333975977773042,0.7042231764912777
994,01_07_a0107152120000600034z,0.6666666666666666,0.2551355666415573,29.0,14.0,1.4148656908624353,0.5597281676283274
995,01_07_a0107152120000600038z,0.6666666666666666,0.3429102371409486,21.0,8.0,1.4155362272639749,0.5064016482387725
996,01_07_a0107152130000500026C,0.8333333333333334,0.3645545945433101,20.0,12.0,1.1041404557600416,0.6634794544307119
997,01_07_a0107152130000500033C,0.6666666666666666,0.2913280461052653,24.0,13.0,1.0175856313408145,0.6470939164380368
998,01_07_a0107152130000700033B,0.6666666666666666,0.3646877331947267,30.0,13.0,1.0428446289252111,0.6419592348304095
999,01_08_a0108153010000200017S,0.3333333333333333,0.2948171901202785,41.0,22.0,2.0015658856958995,0.8159778286776912
1000,01_08_a0108153010000200023z,0.3333333333333333,0.2842948067187006,33.0,18.0,2.0006172314846338,0.7184503852282288
1001,01_08_a0108153010000200028z,0.6666666666666666,0.340769757683068,27.0,13.0,1.418102039780449,0.6229742676257619
1002,01_08_a0108153010000200031z,0.6666666666666666,0.30678619143047997,27.0,14.0,1.4194976865114015,0.7126567936548965
1003,01_08_a0108153010001700025z,0.3333333333333333,0.2904608323790437,36.0,23.0,2.0008951094495484,0.898084849380395
1004,01_08_A0108153010002400032z,0.8333333333333334,0.3358056555876332,21.0,15.0,1.0064383697566337,0.7628773576935403
1005,01_08_a0108153010003300024A,0.3333333333333333,0.2309856137201517,36.0,23.0,2.0006540790600384,0.8646875659986937
1006,01_08_A0108153010003800033z,0.3333333333333333,0.35382671390296794,36.0,19.0,1.4180896868303972,0.6817777224899326
1007,01_08_a0108153010005900033A,0.6666666666666666,0.1680899917967804,21.0,12.0,1.4148418960343256,0.6538828838891347
1008,01_08_A0108153030000200026z,0.3333333333333333,0.2589043291807496,39.0,28.0,1.7395608784478105,0.8811812078547995
1009,01_08_A0108153030000200032z,0.6666666666666666,0.18609220993006412,27.0,12.0,1.4167337367883928,0.8339637564110292
1010,01_08_A0108153030000200043z,0.8333333333333334,0.17405515036845706,13.0,7.0,1.000509888870983,0.5984046054967057
1011,01_08_A0108153030000300017z,0.5,0.7200011059352749,40.0,22.0,1.73493644015755,1.1905066362942942
1012,01_08_A0108153030000300022z,0.5,0.2290535829120928,37.0,21.0,1.7376903329343416,0.8382554663328787
1013,01_08_a0108153030000400025z,0.3333333333333333,0.3476036895219009,36.0,21.0,2.000842815846709,0.9378786118988052
1014,01_08_a0108153030000400032z,0.6666666666666666,0.27285664739064186,25.0,15.0,1.4147682260194971,0.7515330698023308
1015,01_08_a0108153030000400043z,1.0,0.2301843381624062,16.0,10.0,0.061528995977435635,0.5078500974332059
1016,01_08_A0108153030000500029z,0.3333333333333333,0.25760805824186594,31.0,18.0,2.0009870226437867,0.8628123615484817
1017,01_08_a0108153030000600017z,0.5,0.6398361718684518,38.0,22.0,1.7393501952463777,1.1831112060115314
1018,01_08_a0108153030000600026A,0.5,0.4787887193695749,31.0,20.0,1.7343403818184604,0.9615496700968456
1019,01_08_a0108153030000600026B,0.3333333333333333,0.4204165355905609,36.0,21.0,2.0005055780664924,0.7064246351887571
1020,01_08_a0108153030000600026C,0.3333333333333333,0.2841116260298374,41.0,23.0,1.7402392031629916,0.8639573999473975
1021,01_08_a0108153030000600032z,0.5,0.15944103468896792,28.0,17.0,1.7336015344172029,0.6123332986538519
1022,01_08_a0108153030000800033z,0.5,0.1831015250197364,31.0,20.0,1.7332534304695464,0.8099200766112711
1023,01_08_a0108153030001100025z,0.3333333333333333,0.29291250611784625,36.0,21.0,2.0011378464014453,0.9070226129773103
1024,01_08_a0108153030001100032z,0.6666666666666666,0.19159025357996512,25.0,16.0,1.4165753384187625,0.7017680493186188
1025,01_08_a0108153030001100042z,0.8333333333333334,0.2794606778917312,14.0,10.0,1.00072750105488,0.6291937578017166
1026,01_08_A0108153030002300024z,0.5,0.3398555055025304,35.0,18.0,1.7367737421417793,0.931721548648588
1027,01_08_A0108153030002300032z,0.6666666666666666,0.23130830012868545,23.0,13.0,1.4174801490343278,0.8631843037443809
1028,01_08_A0108153030002400022z,0.5,0.2543092288805016,38.0,21.0,1.7337105787794842,0.8530436892637298
1029,01_08_A0108153030002400031a,0.6666666666666666,0.2358668502907957,25.0,14.0,1.4170069099275369,0.8526968599548816
1030,01_08_A0108153030002400031a1,0.6666666666666666,0.31634507071467777,23.0,16.0,1.414668750965201,0.7254644880079864
1031,01_08_a0108153030002500034z,0.6666666666666666,0.2651650062172538,27.0,13.0,1.4153151765961236,0.7725003263755611
1032,01_08_a0108153030002800031z,0.6666666666666666,0.2676910298112285,23.0,15.0,1.4146860726377966,0.7514812269949381
1033,01_08_a0108153030002900026z,0.3333333333333333,0.3728434674118555,38.0,22.0,1.740054364387463,0.9338626360724532
1034,01_08_a0108153030002900032z,0.6666666666666666,0.18710947423015045,32.0,15.0,1.0121209332644159,0.8088111906111416
1035,01_08_a0108153030003700031z,0.6666666666666666,0.25520520871892405,23.0,16.0,1.4162790191337593,0.7182560343136034
1036,01_08_a0108153030005400024A,0.5,0.4230355444325504,26.0,13.0,1.7326908794679081,0.6235497991475625
1037,01_08_a0108153030005400024C,0.6666666666666666,0.3801547796375749,27.0,16.0,1.4147370869968132,0.6787822706832588
1038,01_08_a0108153030005400034A,0.8333333333333334,0.3161699627756742,22.0,16.0,1.0033670488043975,0.5058148717768933
1039,01_08_a0108153030005400034C,0.8333333333333334,0.3126298269616156,22.0,14.0,1.0019629062720163,0.4771889151271173
1040,01_08_a0108153030005400046A,1.0,0.4126040355905609,20.0,10.0,0.05058828218036959,0.4837373007462728
1041,01_08_a0108153030005400057z,0.6666666666666666,0.455582823027671,44.0,18.0,0.1226726650661758,0.7126714741762177
1042,01_08_a0108153034000100041z,0.6666666666666666,0.2552428781278569,28.0,10.0,1.0136491428544012,0.8531359713579173
1043,01_09_A0109139050000100022z,0.5,0.21528173419109609,38.0,21.0,1.73338447410265,0.8250402249679184
1044,01_09_A0109139050000200025z,0.5,0.24315828598284184,30.0,19.0,1.7367100975293543,0.8982400956201569
1045,01_09_A0109139050000200033z,0.3333333333333333,0.3433889431196545,33.0,19.0,1.7322399749707755,0.7818555271207023
1046,01_09_A0109139050000200036z,0.6666666666666666,0.10495949574091752,27.0,11.0,1.4195652249279709,0.6897137730643056
1047,01_09_A0109139050000200045z,0.8333333333333334,0.14542748734569874,24.0,15.0,1.001755629461795,0.8176348036476807
1048,01_09_A0109139050000600033z,0.8333333333333334,0.2715995624178871,25.0,13.0,1.0146025739250166,0.8796061458585429
1049,01_09_A0109139050000600043z,0.6666666666666666,0.24891871721149306,33.0,13.0,0.13545675102209356,0.6439877227030594
1050,01_09_A0109139050000700027z,0.5,0.35457233063688354,35.0,18.0,1.7369703031717547,0.9317027869950558
1051,01_09_A0109139050000700033z,0.8333333333333334,0.30117337583444304,25.0,15.0,1.0081465237011176,0.6906058792283345
1052,01_09_A0109139050000800025z,0.3333333333333333,0.3202388453883712,36.0,21.0,2.0012959566515347,0.8807461420962971
1053,01_09_A0109139050000800033z,0.6666666666666666,0.30876024816454256,26.0,14.0,1.0101760661479762,0.6422714870643582
1054,01_09_A0109139050000800043z,1.0,0.14739708856711248,16.0,7.0,0.14201822659303115,0.614790021839829
1055,01_09_A0109139050000900033z,0.5,0.25293417992701817,45.0,21.0,1.4170164488005248,0.8543133452246423
1056,01_09_A0109139050001100013z,0.5,0.30939551129947185,37.0,20.0,1.7393663663751626,0.8968705937645964
1057,01_09_A0109139050001100021z,0.5,0.13424082499624568,35.0,18.0,1.7371582037457156,0.8022475334185902
1058,01_09_A0109139050001200024z,0.5,0.34201969696722434,33.0,18.0,1.735353153490886,0.8767847232023634
1059,01_09_A0109139050001400049z,0.8333333333333334,0.14757985373298801,26.0,17.0,0.051002628328826016,0.6258328722984167
1060,01_09_A0109139050001900014z,0.3333333333333333,0.6613643532003277,43.0,24.0,2.00844684577597,1.1890835798585837
1061,01_09_A0109139050001900017z,0.3333333333333333,0.6141656383755165,45.0,24.0,2.007588151101497,1.1483305714075325
1062,01_09_A0109139050001900021z,0.3333333333333333,0.2153606137201517,35.0,19.0,2.0031367591967992,0.8800303142107979
1063,01_09_A0109139050002100017z,0.3333333333333333,0.15252384489522852,45.0,24.0,2.002616723656571,0.9075261973215071
1064,01_09_A0109139050002100021z,0.3333333333333333,0.25481544882369234,35.0,19.0,2.001994366133285,0.8898852561219374
1065,01_09_A0109139050002600021z,0.5,0.29368708421998635,35.0,19.0,1.7375280055644855,0.9380975680310436
1066,01_09_A0109139050002900017z,0.3333333333333333,0.4148918547880074,43.0,24.0,2.004476841090961,1.0155606761746732
1067,01_09_A0109139050002900021z,0.5,0.2926325058143042,35.0,19.0,1.7370168643924069,0.929982133510638
1068,01_09_A0109139050003300021z,0.3333333333333333,0.4673876855945568,36.0,19.0,1.7370059813451382,1.0495185238440796
1069,01_09_A0109139050003500017z,0.3333333333333333,0.5476769960585377,43.0,24.0,2.004805217080544,1.0925740788936618
1070,01_09_A0109139050003600031A,0.6666666666666666,0.1764001397168009,22.0,15.0,1.4151963374450682,0.6546146240795899
1071,01_09_a0109139050004000032z,0.8333333333333334,0.2316076859928283,26.0,11.0,1.0016619370327962,0.647584781212687
1072,01_09_A0109139050004600032z,0.8333333333333334,0.1475977371409486,24.0,13.0,1.0122093481975944,0.7837454432460405
1073,01_09_a0109139050004800023z,0.6666666666666666,0.2598646851580976,27.0,14.0,1.41647790208574,0.8728081726844652
1074,01_09_a0109139050005200022z,0.6666666666666666,0.2975389506354098,42.0,22.0,1.0050606616754458,0.7987328023862975
1075,01_09_A0109139050005200032A,0.6666666666666666,0.14083224127317995,31.0,14.0,1.014364738770806,0.7613083982045168
1076,01_09_A0109139050006300032A,0.6666666666666666,0.6020224213003266,31.0,18.0,1.007352705786488,0.8408684872826253
1077,01_09_A0109139050006300032B,0.5,0.2561676248478043,37.0,20.0,1.0040611213256356,0.6395651085125855
1078,01_09_a0109139050006800046z,0.8333333333333334,0.3160404596659259,36.0,21.0,0.06845122359836035,0.5665228172881961
1079,01_09_a0109139052000100018z,0.3333333333333333,0.6757464755207627,41.0,24.0,2.0013447413361467,1.1747900419381183
1080,01_09_a0109139052000100025z,0.5,0.30743278868734025,33.0,20.0,1.7358545902179399,0.8598211718582801
1081,01_09_A0109139200000100015z,0.5,0.7742181709309028,36.0,22.0,1.7357843093153336,1.2253975084824449
1082,01_09_A0109139200000100017z,0.5,0.7146090690795817,36.0,22.0,1.7352566924332098,1.1821107386262515
1083,01_09_A0109139200000200018z,0.16666666666666666,0.24943900698221844,43.0,22.0,1.7370194453747156,0.8885154844258113
1084,01_09_A0109139200000200022z,0.16666666666666666,0.26381473152297097,45.0,28.0,1.7382219726097878,0.9486854891708744
1085,01_09_A0109139200000200028z,0.3333333333333333,0.20764768911020887,35.0,20.0,1.7331294194487026,0.8503268172992093
1086,01_09_A0109139200000200033z,0.3333333333333333,0.19837707986395325,35.0,20.0,1.7330948820157572,0.842269261847568
1087,01_09_A0109139200000300013z,0.5,0.7313454707532219,45.0,24.0,1.7342966931070465,1.135573412015958
1088,01_09_A0109139200000300017z,0.3333333333333333,0.7062408682427617,44.0,22.0,1.7392166482844202,1.201960751281211
1089,01_09_A0109139200000300026z,0.3333333333333333,0.3160700058143042,43.0,29.0,1.7340633483838144,0.8993113540100359
1090,01_09_A0109139200000300029z,0.3333333333333333,0.1857383458138848,35.0,20.0,1.7342305774095181,0.8180419456572549
1091,01_09_A0109139200000300033z,0.3333333333333333,0.2251683492353438,34.0,20.0,1.7339890943830791,0.8542996455757016
1092,01_09_A0109139200000300035z,0.5,0.10530175544297027,31.0,21.0,1.7337845318936784,0.8133488307636658
1093,01_09_A0109139200000400019z,0.3333333333333333,0.2094063977653191,42.0,20.0,1.7346092570778968,0.9223516476187889
1094,01_09_A0109139200000600023z,0.3333333333333333,0.3911988061399767,33.0,21.0,1.7338453972889067,0.7504626013123057
1095,01_09_A0109139200001000019z,0.16666666666666666,0.6472496254824921,43.0,23.0,1.7499805684283372,1.1999215139681498
1096,01_09_A0109139200001100033z,0.5,0.2931071621264507,25.0,18.0,1.4146668905891675,0.6334339301349025
1097,01_09_A0109139200001100044z,0.6666666666666666,0.2727835451946021,40.0,16.0,1.0036109472047199,0.6341877629895051
1098,01_09_A0109139200001300042z,0.8333333333333334,0.3150680137748024,20.0,8.0,1.0028433182972218,0.6884988028265039
1099,01_09_A0109139200001600053z,0.8333333333333334,0.14906371119547798,23.0,14.0,0.12846582485950156,0.6342707227800719
1100,01_09_A0109139200002300037z,0.5,0.1248884824316938,32.0,15.0,1.4172374609019578,0.7807347320480746
1101,01_09_A0109139200002500032z,0.6666666666666666,0.15907610457487864,30.0,14.0,1.4199821537521171,0.8115691167620134
1102,01_09_A0109139200002600035z,0.8333333333333334,0.24451513267058897,24.0,12.0,1.0080491783935253,0.84563166073961
1103,01_09_A0109139200002700043z,0.8333333333333334,0.08960746277567422,24.0,16.0,0.1681654922913739,0.7572092820567677
1104,01_09_A0109139200002800032z,0.8333333333333334,0.4931591822886279,25.0,13.0,1.010943672902422,0.8055091130759945
1105,01_09_A0109139200003100043z,0.8333333333333334,0.19954723209044345,24.0,8.0,1.0088277888769297,0.5018633283084742
1106,01_09_A0109139200003200018z,0.5,0.7314929280366902,42.0,22.0,1.7405252044651625,1.1662798496958948
1107,01_09_A0109139200003200022z,0.3333333333333333,0.3184491705714636,41.0,23.0,2.001505309112921,0.9031681382304322
1108,01_09_A0109139200003200024z,0.3333333333333333,0.4389566288935258,34.0,23.0,2.0023019519187666,0.9817200954464168
1109,01_09_A0109139200003200025z,0.16666666666666666,0.1955288536683394,40.0,26.0,1.7355374461035815,0.804280415834984
1110,01_09_A0109139200003200028z,0.5,0.1675520811125798,33.0,18.0,1.7358765797153015,0.8342175102477289
1111,01_09_A0109139200003300013z,0.5,0.7559533307482544,45.0,24.0,1.7352208535236282,1.1422182342347356
1112,01_09_A0109139200003300023z,0.3333333333333333,0.3904223672540904,33.0,21.0,1.7334338944450896,0.7517734273959883
1113,01_09_A0109139200003400013z,0.5,0.7559533307482544,45.0,24.0,1.7354706661549968,1.1447817997893408
1114,01_09_A0109139200003400023z,0.3333333333333333,0.3988250610557724,37.0,19.0,1.7329349621895005,0.8065489507801341
1115,01_09_A0109139200003500013z,0.5,0.7650857508395787,45.0,24.0,1.7355164847561986,1.1453832967589177
1116,01_09_A0109139200003500023z,0.3333333333333333,0.2315505073498495,42.0,21.0,1.7331826765311114,0.9034266614093672
1117,01_09_A0109139200003500029z,0.3333333333333333,0.18642612887500065,35.0,20.0,1.7330058623679303,0.8258657359366695
1118,01_09_A0109139200003500030z,0.3333333333333333,0.13250827635663487,37.0,22.0,1.732945929933802,0.8290414827869163
1119,01_09_A0109139200003500033a,0.3333333333333333,0.20725281232891848,35.0,20.0,1.73295630087888,0.8327439901276827
1120,01_09_A0109139200003800019z,0.3333333333333333,0.20931375539262964,42.0,20.0,1.7345249186738585,0.9235552843698668
1121,01_09_A0109139200004300019z,0.3333333333333333,0.2069479437525188,42.0,20.0,1.734441622842107,0.9203473123805628
1122,01_09_A0109139200004700033z,0.6666666666666666,0.19456753648574787,29.0,15.0,1.4190029422746928,0.8134621541164192
1123,01_09_A0109139200004800034z,0.8333333333333334,0.20445284365723929,24.0,13.0,1.0072997377721464,0.8236307593030302
1124,01_09_A0109139200005100025z,0.16666666666666666,0.3730005149187263,38.0,23.0,2.0040586037227643,0.9551982631854616
1125,01_09_A0109139200005200025z,0.5,0.4223134320761665,33.0,19.0,1.7380675673421575,0.9675808931271326
1126,01_09_A0109139200005200033z,0.6666666666666666,0.24074357047428185,33.0,10.0,1.0077767169780552,0.832721283079758
1127,01_09_A0109139200005700025z,0.3333333333333333,0.17008618455007465,37.0,22.0,1.7327062064706558,0.8028451567822323
1128,01_09_A0109139200006200026z,0.3333333333333333,0.3652949765630331,36.0,21.0,2.0010903313896766,0.953947954792266
1129,01_09_A0109139200006200033z,0.8333333333333334,0.24275614909063406,24.0,7.0,1.0061123958288545,0.8371003637682172
1130,01_09_A0109139200006300036z,0.8333333333333334,0.18720268701563525,26.0,13.0,1.0053420674346123,0.8046544085064447
1131,01_09_A0109139200007000033A,0.8333333333333334,0.30684900064507503,22.0,14.0,1.0036872971231503,0.7308617285750453
1132,01_09_A0109139200007300032A,0.6666666666666666,0.4811719941010689,25.0,13.0,1.4156013143406725,0.7808308331757139
1133,01_09_A0109139200007300032B,0.5,0.2619529409461321,30.0,17.0,1.4151382969024786,0.6134986694524608
1134,01_09_a0109139200007500033B,0.6666666666666666,0.2642131536036583,25.0,17.0,1.4147187159699794,0.7227586262588398
1135,01_09_a0109139200007500044z,0.8333333333333334,0.21304717981610774,33.0,12.0,0.09155368599146944,0.6883525562849157
1136,01_09_A0109139200007600033A,0.8333333333333334,0.29314373147574857,22.0,15.0,1.0055304157087526,0.6923415872970033
1137,01_09_A0109139200007600033B,0.5,0.2946177410441492,28.0,17.0,1.4157632674285316,0.6863389790276186
1138,01_09_A0109139200008100021z,0.5,0.2963304249343758,36.0,22.0,1.7338328077083982,0.8775827169262422
1139,01_09_A0109139200008100025A,0.3333333333333333,0.35546738545899137,36.0,21.0,2.0006009658855284,0.9343054361113144
1140,01_09_A0109139200008200033z,0.6666666666666666,0.20322642912407085,27.0,14.0,1.4150170170838494,0.8325954820741864
1141,01_09_A0109139200008500031A,0.6666666666666666,0.156266684829513,27.0,11.0,1.4173151293867854,0.7789456242251092
1142,01_09_A0109139200008600023z,0.6666666666666666,0.11853428398190713,23.0,13.0,1.4151382298164152,0.8247103800392049
1143,01_09_A0109139200008700031A,0.6666666666666666,0.5519350957136204,25.0,14.0,1.4161744985764189,0.8598657385983186
1144,01_09_A0109139200010100032z,0.6666666666666666,0.4828380894899418,32.0,16.0,1.0035834422073988,0.7680662620227864
1145,01_09_a0109139200012300050z,0.6666666666666666,0.3860374981228607,30.0,15.0,1.417497803292836,0.8967650061039262
1146,01_09_a0109139200013100033C,0.6666666666666666,0.3419716406497205,35.0,21.0,1.0010874937006125,0.6637722321083006
1147,01_09_a0109139200013200033A,0.8333333333333334,0.30864842826069605,21.0,16.0,1.0012985172909816,0.49349203050524293
1148,01_09_a0109139200013200033C,0.6666666666666666,0.34585967981610777,35.0,21.0,1.0016215090012843,0.6678312705449644
1149,01_09_A0109139203000100025z,0.5,0.2130921529485087,32.0,18.0,1.7431406224228043,0.9189638060859932
1150,01_09_A0109139203000100043z,1.0,0.1098490670661712,17.0,11.0,0.12323556302325428,0.5312223014344705
1151,01_09_A0109139220000100028z,0.6666666666666666,0.15581923117334406,27.0,14.0,1.4158712359854195,0.8213264406045693
1152,01_09_a0109139220000300022z,0.3333333333333333,0.526122499341114,39.0,18.0,1.7344088786672869,0.8506057823502138
1153,01_09_A0109139220000400037z,0.6666666666666666,0.09164158245685272,25.0,14.0,1.4148021766792596,0.7680390597301905
1154,01_09_A0109139220000400042z,1.0,0.11317717853288987,22.0,5.0,0.14643976352849086,0.7867957972731459
1155,01_09_A0109139220000500015z,0.3333333333333333,0.5415942008555857,41.0,24.0,2.0016981410001744,1.0966862914890771
1156,01_09_A0109139220000500017z,0.3333333333333333,0.7092323989766973,41.0,24.0,2.0047063304740664,1.2079409660924936
1157,01_09_A0109139220000500018z,0.3333333333333333,0.5635826072296684,41.0,24.0,2.0015398279512517,1.0900785117510052
1158,01_09_A0109139220000500028z,0.5,0.5621663025417925,30.0,13.0,1.42047308744248,0.8534344802355024
1159,01_09_A0109139220000500031z,0.5,0.5542259160691956,33.0,12.0,1.422634926644485,0.8602506283963219
1160,01_09_A0109139220000800025z,0.3333333333333333,0.188410085072822,45.0,19.0,1.7345431641709768,0.7968643004377943
1161,01_09_A0109139220000800032z,0.6666666666666666,0.2264414599433855,27.0,15.0,1.4153695343645496,0.8277759613787807
1162,01_09_A0109139220000800042z,0.8333333333333334,0.17036941574078945,20.0,7.0,1.0011264971515,0.777536569366332
1163,01_09_A0109139220000900025z,0.5,0.2657461531189099,39.0,19.0,1.4183066541248703,0.9286119813498732
1164,01_09_A0109139220000900033z,0.6666666666666666,0.2202963947404792,23.0,16.0,1.4146031418929197,0.7083302339806914
1165,01_09_A0109139220000900043z,1.0,0.20563631175589106,18.0,11.0,0.09196529962623308,0.7088160374584169
1166,01_09_A0109139220000900044z,0.8333333333333334,0.1739287578264878,23.0,8.0,0.06993073525170385,0.6923304370751324
1167,01_09_A0109139220001000026z,0.5,0.3039643317615057,33.0,18.0,1.7335059839259794,0.8568710712311992
1168,01_09_A0109139220001000033z,0.8333333333333334,0.24426901093483594,24.0,14.0,1.0038898823153972,0.6926551291361451
1169,01_09_a0109139220001200032z,0.6666666666666666,0.14814018701563525,27.0,14.0,1.415945981859969,0.8169784232883439
1170,01_09_A0109139220001300018z,0.3333333333333333,0.1697061153979117,43.0,26.0,1.7396071976499068,0.7491046325597883
1171,01_09_A0109139220001300040z,0.6666666666666666,0.2584230961923848,28.0,10.0,1.009570193152157,0.5414783946974853
1172,01_09_A0109139220001500037z,0.8333333333333334,0.04809006170235208,20.0,9.0,1.00135640349877,0.7506453964713512
1173,01_09_A0109139220001500042z,0.6666666666666666,0.2925767152888941,35.0,13.0,1.000791446614405,0.6754312987820585
1174,01_09_A0109139220001700019z,0.3333333333333333,0.32125539804392644,42.0,26.0,1.7399105679392468,0.9110952198492926
1175,01_09_A0109139220001700027z,0.5,0.3409556688678562,34.0,17.0,1.738929191025521,0.8318370303546071
1176,01_09_A0109139220001700031z,0.6666666666666666,0.0689227596027635,29.0,16.0,1.4255967477437828,0.7499932624473065
1177,01_09_A0109139220002500032z,0.8333333333333334,0.37289928119181137,24.0,12.0,1.0109618260757418,0.8752928357421498
1178,01_09_A0109139220002800027z,0.3333333333333333,0.34248641873298835,36.0,23.0,2.0008180046878383,0.9415823268795293
1179,01_09_A0109139220002800038z,0.6666666666666666,0.2237380073498495,25.0,13.0,1.41557148332219,0.8472605781720361
1180,01_09_A0109139220003000027z,0.5,0.0950448916124933,31.0,14.0,1.7406777449447541,0.8203599316744888
1181,01_09_A0109139220003000031z,0.6666666666666666,0.13738057692834416,27.0,13.0,1.4217272878686924,0.8039309851308213
1182,01_09_A0109139220003100026z,0.3333333333333333,0.3009564592012012,42.0,20.0,1.7344143859596608,0.8589812303512198
1183,01_09_A0109139220003100027z,0.5,0.3096770144270843,35.0,18.0,1.736284542289913,0.8890559707945886
1184,01_09_A0109139220003100039z,0.6666666666666666,0.1099855961923848,29.0,15.0,1.416985703358906,0.7189407615710928
1185,01_09_A0109139220003200024z,0.3333333333333333,0.23494364909063406,44.0,22.0,1.7335080490248769,0.8299408876073596
1186,01_09_A0109139220003200036z,0.5,0.15928651682972828,35.0,19.0,1.4157636616547524,0.7990750628519008
1187,01_09_A0109139220003500018z,0.3333333333333333,0.7517513224122663,41.0,24.0,2.0017574097551467,1.208965753191221
1188,01_09_A0109139220003600019z,0.16666666666666666,0.23897960829310336,52.0,26.0,1.7350273493953192,0.9437180085963256
1189,01_09_A0109139220003600028z,0.5,0.5657249981228607,29.0,15.0,1.4200671057410943,0.8574673896845788
1190,01_09_A0109139220003600031z,0.5,0.1777445394665299,34.0,15.0,1.4210379042647765,0.8168991737569776
1191,01_09_A0109139220003800037z,0.6666666666666666,0.2517367223185109,29.0,15.0,1.4149949241005564,0.7363645571751061
1192,01_09_A0109139220004200030z,0.5,0.4716116260298374,30.0,20.0,1.7373814199763238,0.8941440942128954
1193,01_09_A0109139220004300036z,0.8333333333333334,0.24458003751235055,24.0,13.0,1.0092648739386871,0.8607564629241592
1194,01_09_A0109139220004400018z,0.5,0.5640539059721175,40.0,22.0,1.7384757032964002,1.0713640289028836
1195,01_09_A0109139220004500018z,0.5,0.32428007436155104,40.0,22.0,1.7354020561436725,0.9369850938313101
1196,01_09_A0109139220004700024z,0.3333333333333333,0.30120564312385456,36.0,21.0,2.000692693940979,0.9144538790098108
1197,01_09_A0109139220004700032z,0.6666666666666666,0.5750420936810329,21.0,12.0,1.4182420787339092,0.8706364449156183
1198,01_09_a0109139220004900032B,0.8333333333333334,0.2061238733944573,24.0,14.0,1.005856383333296,0.6830380898749872
1199,01_09_A0109139220004900042z,0.8333333333333334,0.1823276221984198,12.0,9.0,1.0008691970754664,0.6875111207739517
1200,01_09_A0109139220005000030z,0.6666666666666666,0.23005941946059086,25.0,16.0,1.415345964148994,0.7133665953471673
1201,01_09_A0109139220005600025z,0.5,0.3039643317615057,33.0,20.0,1.7366885546936748,0.8823985500162088
1202,01_09_A0109139220005600033z,0.6666666666666666,0.22682468991115745,27.0,13.0,1.415655092545565,0.8537459156972377
1203,01_09_A0109139220005700023z,0.6666666666666666,0.2911623629912887,28.0,14.0,1.4159500367167768,0.886584363687893
1204,01_09_A0109139220005700049z,1.0,0.3394270811125798,19.0,8.0,0.0319520898975611,0.4602926806974466
1205,01_09_A0109139220006300033B,0.6666666666666666,0.3860714012771306,24.0,14.0,1.4144314476801496,0.5803682599107509
1206,01_09_a0109139220006700031z,0.6666666666666666,0.2272884618524217,31.0,15.0,1.001574306542076,0.3624304682051098
1207,01_09_a0109139220007100035D,0.5,0.4209902810005977,26.0,18.0,1.7327100195879028,0.8318967341410562
1208,01_09_A0109139230000100018z,0.3333333333333333,0.5337817008555857,43.0,23.0,1.7402946574389255,1.089339237579927
1209,01_09_A0109139230000200021z,0.16666666666666666,0.2518630185833408,46.0,27.0,1.7358648646089114,0.8671336463645775
1210,01_09_A0109139230000200026z,0.5,0.2703401080329674,34.0,21.0,1.4195873355633681,0.8487857687885473
1211,01_09_A0109139230000200042z,0.6666666666666666,0.14532433707250225,35.0,13.0,0.13176439091121314,0.4739048067679689
1212,01_09_A0109139230000300021z,0.3333333333333333,0.3476036895219009,31.0,18.0,2.0017597527377613,1.0163543109271005
1213,01_09_A0109139230000600017z,0.5,0.4960411895219009,35.0,21.0,1.737255514627219,0.9516838683467792
1214,01_09_A0109139230000600019z,0.3333333333333333,0.4278241705714636,35.0,19.0,2.003137603801782,0.9756863838416524
1215,01_09_a0109139230000600024z,0.5,0.14736877376247826,28.0,16.0,1.7324640420298525,0.7154383023780109
1216,01_09_A0109139230000600027z,0.5,0.4664927410441492,34.0,18.0,1.4232566592564386,0.8014275242701103
1217,01_09_A0109139230000700010z,0.3333333333333333,0.4431603068176486,46.0,26.0,2.0017382749656734,1.008572612897361
1218,01_09_A0109139230000700014z,0.5,0.4340920892296101,38.0,22.0,1.7366607107948209,0.8975419073017732
1219,01_09_A0109139230000700017z,0.3333333333333333,0.2058894038076152,36.0,20.0,2.0021688315963986,0.8633468290110132
1220,01_09_A0109139230000800024z,0.3333333333333333,0.2822750787387447,34.0,21.0,1.7394940085688009,0.8667190424729222
1221,01_09_A0109139230000900021z,0.16666666666666666,0.349351177507921,50.0,27.0,1.7408381471123229,0.8813452791893491
1222,01_09_a0109139230001000022z,0.3333333333333333,0.3283960652496215,37.0,20.0,1.7354078517960243,0.9575552975506428
1223,01_09_a0109139230001000026z,0.3333333333333333,0.22547779430893444,36.0,19.0,1.7343766694678748,0.8924428621752487
1224,01_09_a0109139230001400014z,0.3333333333333333,0.5720108612974937,44.0,26.0,2.0018988897467622,1.0964273025931088
1225,01_09_a0109139230001400023z,0.5,0.08292698550696165,30.0,18.0,1.7323134071671908,0.7794072121985324
1226,01_09_a0109139230001400044z,0.8333333333333334,0.1769446331141029,18.0,9.0,1.0039666634812747,0.6779402202364341
1227,01_09_A0109139230001600040z,0.5,0.2965544270094713,32.0,13.0,1.4149648547282083,0.7855186289400374
1228,01_09_A0109139230001600048z,0.6666666666666666,0.13589969963128112,33.0,10.0,1.001427630334087,0.7607661982863083
1229,01_09_A0109139230001700032z,0.6666666666666666,0.20580999934111396,25.0,11.0,1.4149905589180145,0.7822303922371424
1230,01_09_A0109139230001900040z,0.8333333333333334,0.09095555545918728,24.0,15.0,1.0007838499111172,0.7781554755715467
1231,01_09_A0109139230001900049z,1.0,0.13284284061471052,22.0,12.0,0.11074552463322833,0.7813995130879529
1232,01_09_a0109139230002200038z,0.6666666666666666,0.2587165890367497,20.0,16.0,1.415053288196691,0.5597270068102056
1233,01_09_A0109139230002400032z,0.5,0.19959544776365912,29.0,15.0,1.4161854410619767,0.7658872631320958
1234,01_09_A0109139240000100022z,0.3333333333333333,0.2409175367999425,38.0,21.0,2.00195482125258,0.8193398343795216
1235,01_09_a0109139240000400032A,0.5,0.2308269038076152,30.0,18.0,1.4201546844796744,0.8543472053879966
1236,01_09_a0109139240000500033z,0.6666666666666666,0.33367962604313106,24.0,12.0,1.014068990036949,0.6691653640309136
1237,01_09_a0109139240000500043z,0.8333333333333334,0.10176603206412826,22.0,9.0,0.07988865364355714,0.39418924322712173
1238,01_09_A0109139240000800025z,0.5,0.2533279368654664,33.0,18.0,1.7364811283315111,0.870997287696761
1239,01_09_A0109139240001100026z,0.5,0.19035063798483046,24.0,16.0,1.7331261646140212,0.8416164344823142
1240,01_09_A0109139240001200017z,0.5,0.4249257074379782,42.0,22.0,1.7379614080804693,1.0044591828404603
1241,01_09_A0109139240001200021z,0.3333333333333333,0.2375999981228607,40.0,20.0,2.0015226842512,0.886451792993736
1242,01_09_A0109139240001200025z,0.3333333333333333,0.2324320394665299,40.0,20.0,2.0015909914337766,0.8852767687267338
1243,01_09_A0109139240001600021z,0.5,0.5494245161671658,37.0,20.0,1.426085714098175,1.03362456048779
1244,01_09_A0109139240002300025z,0.5,0.35546738545899137,35.0,18.0,1.7354551203862152,0.9509152186893388
1245,01_09_a0109139240002400015z,0.5,0.4315263675039849,40.0,22.0,1.7422699719884378,1.0180258115546297
1246,01_09_a0109139240002400021z,0.3333333333333333,0.2375999981228607,40.0,20.0,2.0016047637701733,0.8832896903817065
1247,01_09_a0109139240002500015z,0.3333333333333333,0.5487807895754054,43.0,24.0,2.006646030634426,1.1160577866759869
1248,01_09_a0109139240002500021z,0.3333333333333333,0.19200988573532607,36.0,21.0,1.7357637567570865,0.8796097030976876
1249,01_09_a0109139240003400033A,0.6666666666666666,0.23370256343822204,25.0,14.0,1.416450023873441,0.8710123570865249
1250,01_09_a0109139240003400050z,0.8333333333333334,0.11431241105399205,24.0,11.0,0.0812886539299712,0.6211096795730451
1251,01_09_a0109139240004000029B,0.3333333333333333,0.35546738545899137,43.0,23.0,2.001899625538724,0.9429430852882033
1252,01_09_A0109139240006300031A,0.5,0.4097395811125798,27.0,14.0,1.4189609122591658,0.6081833921457896
1253,01_10_A0110132010000100031z,0.8333333333333334,0.4005191885141398,22.0,14.0,1.0085755743902596,0.7465313688879505
1254,01_10_A0110132010000300032z,0.6666666666666666,0.1930998468455899,35.0,15.0,1.007302971859315,0.7859647632892011
1255,01_10_A0110132010000400032z,0.6666666666666666,0.2583532169437265,27.0,17.0,1.4167810299864672,0.7161528341911791
1256,01_10_A0110132010000500030z,0.5,0.2087248468455899,33.0,20.0,1.7327873146177986,0.8289684607824961
1257,01_10_A0110132010001600023A,0.6666666666666666,0.2880601907156932,27.0,14.0,1.4160918981051718,0.8393502893059969
1258,01_10_A0110132010001600031z,0.6666666666666666,0.2362380185833408,27.0,13.0,1.4162693020965222,0.8308936723716119
1259,01_10_A0110132010001700032A,0.5,0.32510383943562804,32.0,17.0,1.415117447869537,0.7327817711768903
1260,01_10_A0110132010001700032D,0.5,0.2202923265633563,36.0,14.0,1.4151479599213104,0.6774926731657565
1261,01_10_a0110132010002000033z,0.5,0.19101421528889406,31.0,17.0,1.4146471431275838,0.6659911774023636
1262,01_10_A0110132010002100032z,0.8333333333333334,0.35765162928719696,28.0,13.0,1.0133169505960529,0.6930919698341291
1263,01_10_A0110132020000100018z,0.16666666666666666,0.2657461531189099,50.0,26.0,1.7342642479189518,0.9075358539694716
1264,01_10_A0110132020000100021z,0.16666666666666666,0.29550763742584885,46.0,26.0,1.7364682778564862,0.9083982739426508
1265,01_10_A0110132020000100022z,0.16666666666666666,0.2985091221174744,47.0,26.0,1.7358528361957983,0.9145149472822784
1266,01_10_A0110132020000100026z,0.16666666666666666,0.2985091221174744,47.0,28.0,1.735116075541876,0.9031640220887852
1267,01_10_A0110132020000100029z,0.16666666666666666,0.2982006430006988,47.0,28.0,1.7355663430819226,0.8844198217505572
1268,01_10_A0110132020000100035z,0.3333333333333333,0.2985091221174744,37.0,19.0,1.7332357068395303,0.8820140559276234
1269,01_10_A0110132020000100040z,0.6666666666666666,0.13821898455295678,24.0,10.0,1.415204421639337,0.5556547475764797
1270,01_10_A0110132020000100045z,0.8333333333333334,0.12834416244497282,30.0,18.0,0.14768517026323433,0.6588182838613231
1271,01_10_A0110132020000200031z,0.6666666666666666,0.3268317096377629,25.0,15.0,1.4203492700930744,0.634185838772678
1272,01_10_A0110132020000200051z,0.3333333333333333,0.16065127666575765,47.0,25.0,0.10176073088509856,0.4943205970712098
1273,01_10_A0110132020000300025z,0.3333333333333333,0.188410085072822,47.0,24.0,1.7338507386465258,0.7938099954166489
1274,01_10_A0110132020000300032z,0.6666666666666666,0.34441610240908105,25.0,15.0,1.4172496927172478,0.7872711695266889
1275,01_10_A0110132020000300036z,0.6666666666666666,0.2379563457353464,25.0,14.0,1.4172854561632984,0.7421161712824276
1276,01_10_A0110132020000300037z,0.6666666666666666,0.2333975744138004,25.0,14.0,1.4171862923069882,0.7462093443737404
1277,01_10_A0110132020000800035z,0.6666666666666666,0.33070657425454203,23.0,14.0,1.4193120299447632,0.6845397312815513
1278,01_10_A0110132020002500032A,0.6666666666666666,0.3152892151977134,23.0,17.0,1.4159848390737635,0.699974811342575
1279,01_10_A0110132023000200024z,0.3333333333333333,0.327376129471332,47.0,24.0,1.7351846281748886,0.8638371156794848
1280,01_10_A0110132030000100016z,0.3333333333333333,0.6205938572489107,44.0,28.0,1.7360998034899968,1.19982214757927
1281,01_10_A0110132030000100019z,0.3333333333333333,0.12955506781665094,49.0,25.0,1.737113883880517,0.8049678062882681
1282,01_10_A0110132030000100024z,0.3333333333333333,0.3365162694792569,47.0,24.0,1.7351625752885675,0.859439198144798
1283,01_10_A0110132030000100029z,0.3333333333333333,0.10858406422080397,29.0,17.0,2.0000550419259517,0.6790854975984651
1284,01_10_A0110132030000200014z,0.3333333333333333,0.7352562379784695,49.0,26.0,1.7344070872541737,1.2236298229638771
1285,01_10_A0110132030000200021z,0.5,0.3466116260298374,41.0,20.0,1.7344796805780047,0.8478154462433058
1286,01_10_A0110132030000200031z,0.6666666666666666,0.26945004163066744,25.0,15.0,1.4144968114361018,0.6157876561577676
1287,01_10_a0110132030000300020z,0.16666666666666666,0.2518630185833408,46.0,28.0,1.7357277291604334,0.8606253555369052
1288,01_10_A0110132030000800026z,0.5,0.24151668084846944,30.0,14.0,1.7331795602039053,0.7261560975497536
1289,01_10_A0110132030000800027z,0.5,0.23763412685678004,30.0,14.0,1.7331565942442408,0.7285937305706953
1290,01_10_A0110132030001100031z,0.8333333333333334,0.3206717313938221,25.0,12.0,1.0071467473001459,0.7925288009145278
1291,01_10_A0110132030001500011z,0.3333333333333333,1.0561751180933294,46.0,26.0,2.001659517159041,1.3825965635778559
1292,01_10_a0110132030001500014z,0.16666666666666666,0.8926586345768459,51.0,30.0,2.0019577396631854,1.3318232747170642
1293,01_10_A0110132030001900019z,0.3333333333333333,0.5412901528712856,40.0,22.0,1.7382441420975103,1.1201316125110146
1294,01_10_A0110132030002500035z,0.5,0.1846216513587596,30.0,19.0,1.4147026435185668,0.6680707413172864
1295,01_10_A0110132030002800023z,0.5,0.3052662694792569,33.0,15.0,1.4159342582067955,0.908973275609772
1296,01_10_A0110132030002800041z,1.0,0.16773968497743152,14.0,8.0,0.03298933879804188,0.6304128501196391
1297,01_10_A0110132040000100032z,0.5,0.28133700712712906,36.0,16.0,1.4166096650072562,0.6303892801760181
1298,01_10_A0110132040000200024z,0.3333333333333333,0.26135032024966376,36.0,21.0,2.0005495314782817,0.8643470372116472
1299,01_10_A0110132040000200025z,0.3333333333333333,0.33136303950083057,36.0,20.0,2.000600444022896,0.9352732220151584
1300,01_10_A0110132040000200050z,1.0,0.18409057192054007,16.0,11.0,0.1215162531375556,0.6843167390420521
1301,01_10_a0110132040000300018z,0.16666666666666666,0.2828841221174744,50.0,26.0,1.7353632445780487,0.9209258955056764
1302,01_10_A0110132040000300021z,0.3333333333333333,0.2724351907156932,40.0,20.0,1.7330090080929843,0.8776917757839822
1303,01_10_a0110132040000300022A,0.5,0.26886303950083057,33.0,21.0,1.733062403096458,0.9065806536182948
1304,01_10_a0110132040000300026z,0.5,0.05637172022230207,28.0,17.0,1.7324343703394995,0.8040307617403957
1305,01_10_a0110132040000300030z,0.3333333333333333,0.181221146051052,37.0,19.0,1.7326776103078214,0.8338142858417241
1306,01_10_A0110132040000300031z,0.3333333333333333,0.1907676854305269,37.0,19.0,1.7326712454510134,0.8330960996895329
1307,01_10_A0110132040000400025z,0.6666666666666666,0.3181339088033972,21.0,16.0,1.4159030778852175,0.7086270719277117
1308,01_10_A0110132040000400033z,0.8333333333333334,0.3097768763408078,24.0,14.0,1.0057853615226937,0.7172124111341729
1309,01_10_A0110132040001000027z,0.5,0.1421859539741379,28.0,16.0,1.4174812288237573,0.7099109109664316
1310,01_10_A0110132040001100026a,0.5,0.2488055917832137,32.0,16.0,1.7345792980139862,0.7870319684707321
1311,01_10_A0110132040001100028a,0.5,0.27260787880108045,30.0,15.0,1.7345087905877519,0.8236042046323492
1312,01_10_a0110132040001300019z,0.16666666666666666,0.22903202782850296,52.0,26.0,1.7341127237808949,0.9200779722801516
1313,01_10_A0110132040001600015z,0.5,0.6675409995522961,41.0,22.0,1.7413882430162788,1.2104353598305049
1314,01_10_A0110132040001600021z,0.3333333333333333,0.2643472206120229,40.0,20.0,1.7329465116103249,0.8623599721839864
1315,01_10_A0110132040001700017z,0.3333333333333333,0.7025820445002561,43.0,22.0,1.7388756611178515,1.1924450856519235
1316,01_10_A0110132040002000032z,0.8333333333333334,0.2857740400229557,21.0,11.0,1.009542115800928,0.7272297695317125
1317,01_10_A0110132040002700019z,0.16666666666666666,0.5263088794630459,49.0,30.0,1.7329279490833798,1.1161820090579195
1318,01_10_A0110132040002800054z,0.6666666666666666,0.12034095627014195,29.0,8.0,1.0040540429472948,0.5524052730336909
1319,01_10_A0110132040002800063z,0.5,0.11379008016032065,35.0,16.0,1.0041973039364995,0.5855191510594994
1320,01_10_a0110132040003100035z,0.6666666666666666,0.2271730961923848,31.0,17.0,1.0023114168470444,0.6517558770475693
1321,01_10_a0110132040003100038z,0.6666666666666666,0.25164783528513124,27.0,17.0,1.0025422827265127,0.6365218293255586
1322,01_10_A0110132040003700045z,0.6666666666666666,0.17041846431716934,25.0,14.0,0.0200308136530542,0.3956117342810914
1323,01_10_A0110132040004600033z,0.5,0.3560266607395909,30.0,14.0,1.4148148248914465,0.6265437176956483
1324,01_10_A0110132040004900024z,0.6666666666666666,0.28421427132850097,27.0,15.0,1.416794548452046,0.7352369595380951
1325,01_10_A0110132040004900032z,0.8333333333333334,0.2537582822177931,22.0,15.0,1.0056480710894729,0.6743913654794196
1326,01_10_A0110132040005600024z,0.5,0.2116390808101992,33.0,15.0,1.7326145117948708,0.7842516869470263
1327,01_10_A0110132040005600034A,0.5,0.06104346431716934,29.0,15.0,1.4148514707639228,0.767281621974333
1328,01_10_a0110132040005900019z,0.3333333333333333,0.1363509445916315,42.0,22.0,2.0006906536623097,0.7902724849553435
1329,01_10_a0110132040006100031z,0.8333333333333334,0.2818605961923848,21.0,12.0,1.00076844598828,0.6788733487357572
1330,01_11_a0111130030000100019z,0.5,0.3898636803349465,32.0,19.0,1.7373919472406791,0.9785413060180279
1331,01_11_a0111130030000100029z,0.6666666666666666,0.25388940380761515,25.0,15.0,1.4197139687142948,0.8698450353287849
1332,01_11_a0111130030000200015z,0.3333333333333333,0.6544819964002078,43.0,24.0,2.005084513679609,1.1692409614845125
1333,01_11_a0111130030000200018z,0.3333333333333333,0.6391215466647581,36.0,22.0,2.003443080079073,0.9729987270634384
1334,01_11_a0111130030000200025z,0.3333333333333333,0.3879082125850447,43.0,27.0,1.7353730546110049,0.9411036406590896
1335,01_11_a0111130030000200031z,0.5,0.4483028135111192,40.0,21.0,1.4209555286951934,0.8554477095685513
1336,01_11_a0111130030000800031z,0.5,0.21610222026331136,30.0,16.0,1.41694311043189,0.8813818881203079
1337,01_11_a0111130030001300027z,0.3333333333333333,0.2375999981228607,37.0,21.0,1.7350868577871197,0.8709256190894507
1338,01_11_a0111130080000800035A,0.8333333333333334,0.2334379762310136,29.0,14.0,1.0127689884641151,0.8270686548093951
1339,01_11_a0111130080000800035B,0.8333333333333334,0.2264414599433855,29.0,14.0,1.0117152376806682,0.8177652219924242
1340,01_11_a0111130090001600020z,0.5,0.26936345268233,33.0,20.0,1.7363598545966583,0.863366922523838
1341,01_11_a0111130090001600032z,0.8333333333333334,0.4960385001931574,28.0,12.0,1.0088780211206192,0.7871983825804549
1342,01_11_a0111130090001600042z,0.6666666666666666,0.0787355961923848,18.0,10.0,1.0010430797251786,0.6121412733204529
1343,01_12_A0112156010000100027z,0.3333333333333333,0.3126016545198659,39.0,23.0,1.7369681340485603,0.8843474892707965
1344,01_12_A0112156010000300024z,0.3333333333333333,0.23878393873382125,39.0,17.0,1.733785478558688,0.7164236912130576
1345,01_12_A0112156010002300032z,0.5,0.4379363895028479,38.0,17.0,1.4144695893266663,0.6921681370327187
1346,01_12_a0112156010002400024z,0.3333333333333333,0.34323496955685073,36.0,21.0,2.0008507553420376,0.9139538646877492
1347,01_12_a0112156010002500022z,0.6666666666666666,0.4496017295915873,31.0,14.0,1.4182948378049087,0.9925906971867138
1348,01_12_a0112156010002800023z,0.5,0.22713114909063406,32.0,18.0,1.7334996603992168,0.8967691456255711
1349,01_12_a0112156010002800031z,0.6666666666666666,0.1430515817935637,25.0,14.0,1.4158252953416284,0.8030878517595254
1350,01_12_a0112156010003200032z,0.6666666666666666,0.5447845987936877,33.0,15.0,1.0048452195906346,0.8391524797394546
1351,01_12_a0112156010003200051z,0.5,0.2767654368654664,43.0,18.0,1.0009343870731011,0.84578300807649
1352,01_12_A0112156020000100026z,0.3333333333333333,0.3407027076661361,36.0,23.0,2.001031045220897,0.9380601085613116
1353,01_12_A0112156020000100033z,0.5,0.23565387521478806,31.0,19.0,1.4171218051610142,0.5948951577040062
1354,01_12_A0112156020000100050z,0.8333333333333334,0.23713077244470396,20.0,7.0,1.000464826528452,0.6944183235254635
1355,01_12_a0112156020000400025z,0.3333333333333333,0.3245759709717944,40.0,28.0,1.7379118914503726,0.9049896089065288
1356,01_12_a0112156020000400032z,0.6666666666666666,0.3434359606863814,28.0,17.0,1.0043112326075898,0.7467192047935269
1357,01_12_A0112156020000600034z,0.6666666666666666,0.4709411279455462,26.0,13.0,1.0048742977179894,0.7773624315933867
1358,01_12_a0112156020000900021z,0.5,0.3019642277512772,36.0,22.0,1.7344574905513697,0.8948555373968521
1359,01_12_A0112156020000900024z,0.5,0.292875319300573,36.0,22.0,1.7337075471116905,0.8352516763473001
1360,01_12_A0112156020000900025z,0.5,0.4730392295915873,31.0,21.0,1.7353627020793534,1.0076422932990734
1361,01_12_A0112156020001200034z,0.6666666666666666,0.27922488430900794,23.0,10.0,1.0128065420646837,0.5466050612500625
1362,01_12_A0112156020001300048z,1.0,0.0,0.0,0.0,3.7007434154171876e-17,1.0467283057891834e-16
1363,01_12_A0112156020001700031A,0.6666666666666666,0.2506105961923848,40.0,17.0,1.0014611668287008,0.4285716175292861
1364,01_12_A0112156020001800024z,0.6666666666666666,0.468830704888037,29.0,17.0,1.4152899814403896,0.7348545150980521
1365,01_12_A0112156020001800031z,0.6666666666666666,0.16968852829115022,25.0,16.0,1.4149838440164724,0.6847334364425026
1366,01_12_a0112156030000200032a,0.6666666666666666,0.22288994415343652,29.0,14.0,1.4208649089817424,0.8617430484711397
1367,01_12_a0112156030000200042z,0.8333333333333334,0.4533928173989661,27.0,10.0,0.1246624525133948,0.6441820768256235
1368,01_12_a0112156030001000035z,0.6666666666666666,0.2375999981228607,30.0,17.0,1.4170349009207863,0.8450465958277075
1369,01_12_a0112156030001600034B,0.6666666666666666,0.3357627125945012,24.0,16.0,1.4144247908772178,0.6633705765933676
1370,01_12_a0112156030002500034B,0.6666666666666666,0.3848801343806619,25.0,14.0,1.416592414608001,0.7107179936306941
1371,01_12_A0112156030002700024z,0.6666666666666666,0.2912786488218603,25.0,14.0,1.4154440965149002,0.8974496366491179
1372,01_12_A0112156030002700031B,0.8333333333333334,0.12661895717188432,23.0,12.0,1.004564527797794,0.7745373120887474
1373,01_12_a0112156030003200032z,0.6666666666666666,0.2937230086267105,23.0,17.0,1.4143420613303537,0.6155265363967785
1374,01_12_a0112156030003200042z,0.8333333333333334,0.1213018840711727,21.0,17.0,0.03064609160931547,0.21190158054955904
1375,01_12_A0112156030003300022z,0.3333333333333333,0.3767710020645783,38.0,18.0,1.7323965997219155,0.7954718258168034
1376,01_12_A0112156030003300032A,0.3333333333333333,0.13662573594393754,38.0,16.0,1.4173381848172917,0.6122195882530121
1377,01_12_A0112156030003300032B,0.3333333333333333,0.17491571959708885,44.0,15.0,1.4174672052655255,0.6794116101208851
1378,01_12_A0112156030003300032C,0.6666666666666666,0.1999575305619876,29.0,15.0,1.4154160216758311,0.7047736909018124
1379,01_12_A0112156030003300045z,0.5,0.18211966696551,46.0,24.0,1.0090824529855962,0.8061295666971463
1380,01_12_A0112156030004600032z,0.6666666666666666,0.2626194476604332,29.0,15.0,1.414686614665689,0.72872948994983
1381,01_12_a0112156030006300047B,0.8333333333333334,0.3052980961923848,16.0,7.0,1.0005932413496357,0.7058399442623133
1382,01_12_A0112156030006700032z,0.6666666666666666,0.2740480961923848,22.0,8.0,1.4149957910543383,0.4169310623237992
1383,01_12_a0112156030007000033A,0.6666666666666666,0.4798904368654664,27.0,13.0,1.018226290887016,0.8010990196320541
1384,01_12_a0112156030007000033B,0.6666666666666666,0.3274412187959056,30.0,16.0,1.0016493749039486,0.6294577882052358
1385,01_12_a0112156030007000033C,0.6666666666666666,0.4125213827158037,26.0,16.0,1.0042657150872194,0.7479075110904206
1386,01_12_a0112156030007000045B,0.8333333333333334,0.5504215138993583,29.0,7.0,0.11657346837362688,0.8319195615922838
1387,01_12_a0112156030007100023A,0.5,0.21236711081398466,26.0,17.0,1.415884594285542,0.7785300972054472
1388,01_12_a0112156030007100032A,0.5,0.1640048171699815,33.0,14.0,1.41496849545949,0.7185943697728243
1389,01_12_a0112156030007500026z,0.3333333333333333,0.3209498972215443,41.0,21.0,1.7339191039215651,0.7908827615772472
1390,01_12_a0112156030007600032B,0.6666666666666666,0.3283193280500395,27.0,12.0,1.0009834656467995,0.4421097555382864
1391,01_12_a0112156030008100033B,0.6666666666666666,0.30424141659149784,27.0,13.0,1.4149230155364036,0.5857062852894745
1392,01_12_a0112156030008100043A,0.8333333333333334,0.24416057300129015,29.0,8.0,0.06907069308157514,0.6761636471808085
1393,01_12_A0112156050000100033z,0.8333333333333334,0.2435613066719585,24.0,14.0,1.003932293544342,0.6705519416979888
1394,01_12_A0112156050000200025z,0.3333333333333333,0.340527174705448,36.0,19.0,1.7368965988258436,0.9523112080850972
1395,01_12_A0112156050000200047z,1.0,0.233584064220804,16.0,8.0,0.07046997660677899,0.704403831066011
1396,01_12_a0112156050001300024z,0.6666666666666666,0.1388144250212136,27.0,17.0,1.4147784464382138,0.7265147627235833
1397,01_12_a0112156050001300025z,0.6666666666666666,0.3827658304180062,25.0,14.0,1.4147465215877275,0.7014779194622226
1398,01_12_a0112156060000100018z,0.5,0.7595638224122663,40.0,22.0,1.7351509837879882,1.2003317837514895
1399,01_12_a0112156060000200025z,0.5,0.36665130856952005,33.0,19.0,1.7386869506795681,0.9644384379564452
1400,01_12_A0112156060000800023z,0.6666666666666666,0.4637405917518875,25.0,18.0,1.4154869193947273,0.7474246139909364
1401,01_12_A0112156060000800031z,0.8333333333333334,0.2377663165313679,24.0,14.0,1.000996598927928,0.6632941661812564
1402,01_12_A0112156060000800040z,0.8333333333333334,0.1249388672204222,28.0,15.0,0.055677779682661716,0.3640134014674557
1403,01_12_A0112156060001200023z,0.5,0.40499982561445136,30.0,17.0,1.7328518785748117,0.7672686556661998
1404,01_12_A0112156060001200024z,0.5,0.12070171528889405,41.0,13.0,1.414806363317955,0.7125377721097338
1405,01_12_A0112156060001200031z,0.6666666666666666,0.2893569834756218,25.0,14.0,1.4149495832608008,0.7048857548144508
1406,01_12_a0112156060001300022z,0.6666666666666666,0.3816386201085557,32.0,18.0,1.4151755978638556,0.9389337768169929
1407,01_12_a0112156060001300038z,0.6666666666666666,0.08961899741438073,53.0,27.0,0.09728906954467688,0.7111002376657686
1408,01_12_A0112156060001400021B,0.5,0.11646004370619695,31.0,16.0,1.7325408686007318,0.7969554776816871
1409,01_12_A0112156070000100028z,0.3333333333333333,0.3738160093122024,35.0,18.0,2.0030117805094703,1.019092545380163
1410,01_12_a0112156070000100031A,0.3333333333333333,0.5532435704742819,36.0,22.0,1.7329469118768377,0.8370858440820065
1411,01_12_a0112156070000100031B,0.3333333333333333,0.4876026006717266,35.0,20.0,2.001975484107217,0.9510299627146751
1412,01_12_a0112156070000100033z,0.5,0.2399811556950491,32.0,14.0,1.7349166434455316,0.7049810714422106
1413,01_12_a0112156070000100049z,0.8333333333333334,0.14512804017125158,35.0,11.0,0.1444061984330717,0.6725728259735799
1414,01_12_A0112156070000200028z,0.6666666666666666,0.20580999934111396,25.0,16.0,1.41986426619466,0.8531134945584232
1415,01_12_A0112156070000200032z,0.3333333333333333,0.3861480498101956,38.0,17.0,1.734302545262944,0.7072501145085138
1416,01_12_A0112156070000200043A,1.0,0.2101503796198801,19.0,9.0,0.09880461036690008,0.697188134545108
1417,01_12_A0112156070000200043B,0.5,0.14436356108802045,36.0,14.0,1.0054512068629478,0.687822806406222
1418,01_12_A0112156070000200048A,1.0,0.2466526420968209,25.0,9.0,0.09951928925721626,0.6715159793806527
1419,01_12_A0112156070000200048B,0.5,0.14076652269341994,34.0,13.0,1.0086686647281429,0.6762777754250595
1420,01_12_a0112156070000300032z,0.3333333333333333,0.500094880396244,35.0,20.0,2.0017753729455783,0.9618159436956794
1421,01_12_a0112156070000400034z,0.5,0.2399811556950491,32.0,14.0,1.7347793935357867,0.7069578991703502
1422,01_12_a0112156070000600024z,0.5,0.24600031930057295,30.0,18.0,1.7327631804071932,0.8956100028478476
1423,01_12_a0112156070000600033A,0.6666666666666666,0.1996196667689255,29.0,14.0,1.414847222802242,0.6437135975418539
1424,01_12_a0112156070000600033C,0.5,0.4080637532765737,32.0,14.0,1.415047672038788,0.6360864260289631
1425,01_12_a0112156070000900024A,0.3333333333333333,0.27505554800824217,36.0,21.0,2.001175439588184,0.856902621945442
1426,01_12_a0112156070000900031A,0.6666666666666666,0.5056770544100249,27.0,14.0,1.4163463642448508,0.8037776389912488
1427,01_12_a0112156070001200033A,0.6666666666666666,0.3902183855308528,26.0,17.0,1.4175538846657685,0.7856836826440663
1428,01_12_a0112156070001200044A,0.6666666666666666,0.7235852507131527,34.0,19.0,1.4184453179888228,1.0784888570949622
1429,01_12_a0112156070002400024A,0.6666666666666666,0.3149265817935637,35.0,18.0,1.0037965227269192,0.7322935544105957
1430,01_12_a0112156070002400033A,0.6666666666666666,0.4002409853161311,34.0,19.0,1.0034588662252584,0.7219842632177602
1431,01_12_a0112156070002400033G,0.6666666666666666,0.2711264417952949,31.0,13.0,1.0053611820535755,0.6627493784418748
1432,01_12_a0112156070002400033H,0.3333333333333333,0.38749682068741065,35.0,19.0,1.0068207108547147,0.7347881040667091
1433,01_12_a0112156070002400045B,0.6666666666666666,0.3327855086267105,46.0,21.0,0.1476919629925173,0.8080732914721859
1434,01_12_a0112156070002400053z,0.6666666666666666,0.33441618772951776,54.0,24.0,0.0936232029766846,0.7347619239623564
1435,01_12_a0112156080000100025z,0.5,0.26858078495849896,29.0,14.0,1.4161889305710047,0.7157128202712166
1436,01_12_A0112156090000100019z,0.3333333333333333,0.34248641873298835,42.0,21.0,1.7334669824929132,0.9346691545698425
1437,01_12_A0112156090000100024z,0.3333333333333333,0.35546738545899137,42.0,21.0,1.7329721127791844,0.9371684623878882
1438,01_12_A0112156090000100031z,0.6666666666666666,0.15712749904571044,28.0,13.0,1.0072443778540627,0.7829580734758244
1439,01_12_A0112156090000100040z,0.6666666666666666,0.2635419814129367,23.0,11.0,1.0063793374272765,0.6597091186446981
1440,01_12_A0112156090000100043z,0.6666666666666666,0.26216275693936464,22.0,11.0,1.0059463042846908,0.6576038369391941
1441,01_12_A0112156090000300024z,0.3333333333333333,0.25388940380761515,37.0,19.0,1.7348898363908851,0.9332153062449052
1442,01_12_A0112156090000300035z,0.5,0.2272640808101992,45.0,24.0,1.4173143190755495,0.8345795360178037
1443,01_12_A0112156090000300042z,0.6666666666666666,0.1908855674904797,23.0,11.0,1.0040561912661619,0.5167410855827721
1444,01_12_A0112156090000300045z,0.6666666666666666,0.19846347788168928,24.0,13.0,1.0028141442882423,0.5186329561653065
1445,01_12_A0112156090000400019z,0.5,0.7822685507270466,40.0,22.0,1.7355500668739656,1.2120368632701726
1446,01_12_A0112156090000400024z,0.3333333333333333,0.4183250473719716,39.0,21.0,1.735415670482532,1.0261854371743089
1447,01_12_A0112156090000400035A,0.3333333333333333,0.2220961221538684,37.0,20.0,1.7341648371708869,0.863398103816348
1448,01_12_A0112156090000400035B,0.3333333333333333,0.22391472026331136,37.0,20.0,1.7342189527676315,0.8640467461317174
1449,01_12_A0112156090000400042z,0.8333333333333334,0.1628561794067438,21.0,8.0,1.0056663995634196,0.6789506829275326
1450,01_12_a0112156090000500024z,0.3333333333333333,0.32428007436155104,37.0,19.0,1.7346057354148623,0.9611043629523128
1451,01_12_a0112156090000500031z,0.5,0.40020054044624415,36.0,16.0,1.417936875263085,0.7022017257324741
1452,01_12_A0112156090000500045z,0.6666666666666666,0.12673477130243924,38.0,18.0,0.12467531997710772,0.4836342609424888
1453,01_12_A0112156090000700024c,0.5,0.489173057653769,28.0,16.0,1.7351911532898252,0.8262270430084991
1454,01_12_A0112156090000700032z,0.8333333333333334,0.18781854011761845,24.0,14.0,1.0060030091033512,0.6941026693117806
1455,01_12_A0112156090000700043z,0.6666666666666666,0.17851402621080098,32.0,19.0,0.11464615021036345,0.5974704182881176
1456,01_12_A0112156090000800025z,0.5,0.39629454850214896,37.0,20.0,1.740438167299626,1.0311717223969747
1457,01_12_A0112156090001200019z,0.5,0.8155125922134123,40.0,22.0,1.7445403070333398,1.3105774772073189
1458,01_12_A0112156090001200024z,0.3333333333333333,0.39629454850214896,38.0,20.0,1.7359774033747362,1.019773347486759
1459,01_12_a0112156090001200035z,0.5,0.24276795677919136,30.0,16.0,1.4173338973393887,0.9250733814411342
1460,01_12_a0112156090001500025z,0.3333333333333333,0.35546738545899137,36.0,23.0,2.0010244437816245,0.9445514943316912
1461,01_12_a0112156090002400022z,0.3333333333333333,0.2518630185833408,38.0,23.0,2.0009931500175093,0.9186713937242112
1462,01_12_a0112156090002400024z,0.3333333333333333,0.2791595987936877,42.0,21.0,1.733489754343639,0.9058615675870092
1463,01_12_a0112156090002400032z,0.6666666666666666,0.2791595987936877,27.0,13.0,1.4158347376751876,0.8576330105343485
1464,01_12_A0112156090002600029z,0.6666666666666666,0.29696200712712906,25.0,17.0,1.4148750422677556,0.6524404083846778
1465,01_12_A0112156090002800032z,0.6666666666666666,0.23575380120166126,42.0,24.0,1.005981800677635,0.7362320677425043
1466,01_12_A0112156090002900024z,0.3333333333333333,0.2947102853575713,34.0,21.0,2.0001725734562554,0.8584964601823964
1467,01_12_a0112156090003100024B,0.3333333333333333,0.3041429249343758,36.0,21.0,2.0007772194188367,0.913694751550482
1468,01_12_A0112156090003100027z,0.3333333333333333,0.32428007436155104,38.0,21.0,2.00083208001036,0.8990150304043829
1469,01_12_a0112156090003700031z,0.6666666666666666,0.1649850290417496,27.0,16.0,1.4146165204505166,0.5962185317186701
1470,01_12_a0112156090003700032z,0.8333333333333334,0.3396146849774315,24.0,12.0,1.0057531373715698,0.6745143791425341
1471,01_12_A0112156090003700041z,0.6666666666666666,0.115092691907824,23.0,12.0,1.0002711253282497,0.4331972264800978
1472,01_12_a0112156090004400031A,0.6666666666666666,0.20398241136701045,25.0,13.0,1.4149304850802469,0.6879935997245584
1473,01_12_A0112156090004600022z,0.3333333333333333,0.5230197598121289,27.0,18.0,2.0000567155935434,0.8423700054472129
1474,01_12_A0112156090004600032c,0.8333333333333334,0.30148140747986274,24.0,14.0,1.0009139293901186,0.6885445585992716
1475,01_12_A0112156090005000024z,0.5,0.3081566663522427,34.0,15.0,1.414650751991089,0.7098824633245052
1476,01_12_A0112156090005000032z,0.6666666666666666,0.2808608247115804,32.0,13.0,1.0007844370475143,0.6555586599923975
1477,01_12_A0112156090005100031z,0.6666666666666666,0.15496064156443562,23.0,15.0,1.4146089482654958,0.6790540648897346
1478,01_12_A0112156090005100035z,0.6666666666666666,0.13235509008212498,19.0,8.0,1.415208525380968,0.6272882754265171
1479,01_12_a0112156090005300030A,0.6666666666666666,0.1322190741372855,39.0,18.0,1.0077026899146124,0.6636111153568873
1480,01_12_a0112156090005400031z,0.6666666666666666,0.24469726746310305,24.0,16.0,1.4149402717054542,0.6180672476929916
1481,01_12_a0112156090005600022z,0.5,0.19361178752854544,34.0,15.0,1.7327406619397303,0.8065889594618115
1482,01_12_a0112156090007500024A,0.6666666666666666,0.2845913204914502,25.0,15.0,1.4160085933990727,0.7489512051399903
1483,01_12_a0112156090007500024B,0.5,0.2998543579626296,27.0,18.0,1.4150176831116053,0.7680205628914024
1484,01_12_a0112156090007500033z,0.5,0.36961623148385536,32.0,18.0,1.416947223801278,0.8568123357444741
1485,01_12_A0112156095000100024z,0.3333333333333333,0.3529110756342406,36.0,21.0,2.0007864995564004,0.9579626747189436
1486,01_13_a0113121020000100020z,0.16666666666666666,0.2759739108498688,43.0,22.0,1.73574091104563,0.8873927997122854
1487,01_13_a0113121020000200022z,0.5,0.34248641873298835,35.0,20.0,1.7356523793335077,0.9400499041061221
1488,01_13_a0113121020000200024z,0.16666666666666666,0.32147642445658275,43.0,22.0,1.7349188911393538,0.9159518656181024
1489,01_13_a0113121020000200027z,0.6666666666666666,0.20130607047428184,33.0,16.0,1.4249934523563874,0.8521465688431112
1490,01_13_A0113121020000200032z,0.5,0.4717130047808512,30.0,14.0,1.7387744643461458,0.8432966072909693
1491,01_13_A0113121020000300025z,0.16666666666666666,0.33283156798671965,47.0,28.0,1.735428954201754,0.9430021202953058
1492,01_13_A0113121020000300033z,0.6666666666666666,0.24458003751235055,29.0,15.0,1.0102731713988455,0.8563239267868853
1493,01_13_A0113121020000300043z,1.0,0.1322490470272642,16.0,9.0,0.10628742926915886,0.6737501571639758
1494,01_13_A0113121020000400024z,0.6666666666666666,0.2325540164836716,23.0,14.0,1.4157050470748356,0.8802938034979759
1495,01_13_A0113121020000400033z,0.5,0.21445171528889406,28.0,15.0,1.4147046760804132,0.7589068649831094
1496,01_13_A0113121020000400043z,0.6666666666666666,0.053891293656427315,27.0,20.0,1.0009812190331693,0.7660239346123571
1497,01_13_A0113121020001300024z,0.6666666666666666,0.2298904368654664,27.0,14.0,1.4162244936371045,0.8889020521972383
1498,01_13_A0113121020001300032B,0.6666666666666666,0.3270012530151954,29.0,14.0,1.4152728364502405,0.7104357580244408
1499,01_13_A0113121020001900010z,0.5,0.571849563170165,46.0,27.0,1.7429373154656809,1.204877758166072
1500,01_13_A0113121020001900015B,0.5,1.0495597237128285,46.0,27.0,1.7435059690945969,1.329531091922438
1501,01_13_A0113121020002100025z,0.5,0.3464498146481287,26.0,15.0,1.7324586900907897,0.6421387616937426
1502,01_13_A0113121020002100031A,0.8333333333333334,0.3482440913380159,19.0,9.0,1.0017352952279397,0.6372453747188701
1503,01_13_A0113121020002100031B,0.8333333333333334,0.3404928693679272,19.0,13.0,1.0012062485778848,0.6430439028683836
1504,01_13_A0113121020002100042z,0.8333333333333334,0.3014844941010689,25.0,7.0,1.0012640350933764,0.6462836443513039
1505,01_13_a0113121020002200024z,0.6666666666666666,0.2671673265633563,26.0,12.0,1.4159836861038777,0.7820887055241309
1506,01_13_a0113121020002200043z,0.6666666666666666,0.32405785753222016,26.0,6.0,1.0006358268414042,0.6726148269064837
1507,01_13_a0113121020004100024B,0.6666666666666666,0.4454336531189099,32.0,15.0,1.4197160153188635,0.9278494152376529
1508,01_13_a0113121020004100024z,0.6666666666666666,0.6519029907641369,25.0,14.0,1.4209269240646278,0.966842601795978
1509,01_13_a0113121020004100034z,0.5,0.30931991571901196,37.0,16.0,1.4160359776827418,0.6021930997441248
1510,01_13_A0113121030000300025z,0.5,0.3654826448499605,28.0,17.0,1.7342921796525244,0.9608605837120676
1511,01_13_A0113121030000300033z,0.6666666666666666,0.25015106815301913,28.0,15.0,1.0095265741846602,0.8605630507505849
1512,01_13_A0113121030000300043z,0.8333333333333334,0.1534899858244918,24.0,10.0,0.14582239543917042,0.6007107220630203
1513,01_13_A0113121030000700025z,0.6666666666666666,0.22690853646067646,27.0,14.0,1.4161571288376398,0.8705674454818525
1514,01_13_A0113121030000700033z,0.6666666666666666,0.12501226827230771,27.0,14.0,1.4151680067454857,0.7939337850141741
1515,01_13_A0113121030000700042z,1.0,0.1053295175817815,19.0,12.0,0.03231458911268799,0.7424929328902209
1516,01_13_A0113121030000800023z,0.5,0.2828841221174744,35.0,19.0,1.737728963289105,0.8991190821039658
1517,01_13_A0113121030000800032z,0.6666666666666666,0.20555373148385536,30.0,14.0,1.0135109525770205,0.8235351432385231
1518,01_13_A0113121030000800043z,0.8333333333333334,0.17199264686160087,15.0,7.0,0.08230679520853969,0.5767303445824365
1519,01_13_A0113121030001400024A,0.6666666666666666,0.4566839657576022,29.0,16.0,1.4156770816328237,0.7757343637885272
1520,01_13_A0113121030001400024B,0.5,0.3947435344750324,34.0,14.0,1.4147242528877275,0.7335425242729509
1521,01_13_A0113121030001400024C,0.6666666666666666,0.3400518840711727,25.0,13.0,1.4148858667119737,0.6630255980091649
1522,01_13_A0113121030001400031z,0.8333333333333334,0.2900499514799544,30.0,14.0,1.0008323172365852,0.7503275993784133
1523,01_13_A0113121030001400041z,0.8333333333333334,0.191948581629278,27.0,9.0,0.03284561994228871,0.6349051450990671
1524,01_13_A0113121040000100032z,0.6666666666666666,0.3226110742038571,25.0,14.0,1.4187854961849198,0.6406999339467762
1525,01_13_A0113121040000100042z,0.8333333333333334,0.19630611325320046,23.0,10.0,1.0051762544561007,0.4857308949568802
1526,01_13_A0113121040000100050z,0.8333333333333334,0.1998217018675316,20.0,8.0,1.0067920310695455,0.5164382928926176
1527,01_13_A0113121040000200024z,0.16666666666666666,0.2465859737284596,44.0,22.0,1.7349253721344793,0.8783784319990554
1528,01_13_A0113121040000200030z,0.3333333333333333,0.26352428119181137,33.0,19.0,1.732997556980985,0.9039949717286068
1529,01_13_a0113121040000200056z,0.8333333333333334,0.2080551839494592,31.0,17.0,0.02800962072966306,0.4931086372589635
1530,01_13_A0113121040000300024z,0.16666666666666666,0.2767654368654664,45.0,30.0,1.7370383906139817,0.8481240049199725
1531,01_13_A0113121040000300029a,0.16666666666666666,0.2680175375123506,48.0,30.0,1.7363623747247068,0.8574547681378542
1532,01_13_A0113121040000300034z,0.16666666666666666,0.2306873577718096,45.0,31.0,1.7340953183296428,0.8633158935326671
1533,01_13_A0113121040000300042z,0.5,0.2431811132532005,38.0,13.0,1.006010438769761,0.6534571983152281
1534,01_13_A0113121040000300048z,0.6666666666666666,0.2401044814129367,32.0,11.0,1.009641029016415,0.6731382876876307
1535,01_13_A0113121040000300054z,0.5,0.16249036534607675,55.0,23.0,0.10436373254274828,0.6576794550516188
1536,01_13_A0113121040000500024z,0.6666666666666666,0.3948875473719716,25.0,16.0,1.4191821670124796,0.9790625466640634
1537,01_13_A0113121040000500033z,0.6666666666666666,0.23452606815301916,29.0,14.0,1.4155031603823116,0.8745524648695306
1538,01_13_A0113121040000500042z,0.8333333333333334,0.1386388394735294,14.0,5.0,1.0003584288938292,0.5274836006071401
1539,01_13_a0113121040001400034A,0.6666666666666666,0.2405644848011357,34.0,17.0,1.001976114330788,0.7333519633388409
1540,01_13_a0113121040001400046z,0.6666666666666666,0.4440069914086934,40.0,18.0,1.0114116224551042,0.8433836583946959
1541,01_13_A0113121050000100026z,0.5,0.340527174705448,35.0,18.0,1.7353264260645154,0.9261691942555952
1542,01_13_A0113121050000100033z,0.6666666666666666,0.2501211531189099,25.0,14.0,1.4155586654734154,0.8751594850898599
1543,01_13_A0113121050000100043z,0.8333333333333334,0.18294640127713055,12.0,5.0,1.0004804498827666,0.6371770256072391
1544,01_13_A0113121070000500050A,0.8333333333333334,0.10000932840158272,18.0,11.0,0.05393370926099958,0.671939129500999
1545,01_13_a0113121070000600024A,0.5,0.27313007544940626,37.0,16.0,1.733417805673117,0.8817852748559972
1546,01_13_a0113121070000600024B,0.6666666666666666,0.32760996955685073,29.0,14.0,1.4165609906488097,0.8598810979234186
1547,01_13_a0113121070000600031z,0.6666666666666666,0.14096728811157666,27.0,14.0,1.4148606261501502,0.762989815996577
1548,01_13_a0113121070000600041z,0.6666666666666666,0.4006286279455462,31.0,13.0,1.0010578766439562,0.69022605273996
1549,01_13_a0113121070001000023A,0.6666666666666666,0.3047347985444573,27.0,16.0,1.4271615965518998,0.7199102947103682
1550,01_13_a0113121070001000023B,0.5,0.29550763742584885,34.0,14.0,1.415747260276396,0.8530852070374485
1551,01_13_A0113121070001000032z,0.5,0.3752284551202644,24.0,14.0,1.732414650700289,0.7063493598950776
1552,01_13_a0113121090000300034z,0.6666666666666666,0.23162259571362045,30.0,15.0,1.4201909225269107,0.8912389094455816
1553,01_13_A0113121090000500021z,0.5,0.2768147769419436,40.0,21.0,1.7382748742269196,0.8844796080133814
1554,01_13_A0113121090000500025z,0.3333333333333333,0.2822750787387447,41.0,21.0,1.737971242670672,0.8798743561724556
1555,01_13_A0113121090000600025z,0.3333333333333333,0.2358024472858761,36.0,21.0,2.0006298906211195,0.8058954783506459
1556,01_13_A0113121090000600032z,0.6666666666666666,0.20455244728587607,27.0,14.0,1.4153253592574588,0.8423631523683326
1557,01_13_A0113121090000600042z,0.8333333333333334,0.17052884758385045,12.0,7.0,1.000153132664947,0.6307302667229379
1558,01_13_A0113121090000800032z,0.5,0.26735640604475164,33.0,22.0,1.0064938788262872,0.5123921913467581
1559,01_13_A0113121090000800041z,0.8333333333333334,0.21150258648364692,30.0,12.0,0.05560001044107433,0.5913305820332725
1560,01_13_A0113121090000900029z,0.6666666666666666,0.4742605378282338,29.0,14.0,1.419578386673788,0.9915510636224628
1561,01_13_A0113121090000900032z,0.6666666666666666,0.2645560704742819,25.0,14.0,1.4158886024177189,0.8587485669027607
1562,01_13_A0113121110000200025z,0.3333333333333333,0.2379563457353464,36.0,19.0,1.7332252481240717,0.7881808690282076
1563,01_13_a0113121110000400034A,0.5,0.3346759115077001,32.0,17.0,1.414477940625692,0.7535028779366516
1564,01_13_A0113121110000800033z,0.6666666666666666,0.2506105961923848,29.0,14.0,1.414413232625735,0.590856696477449
1565,01_13_A0113121110000800045z,1.0,0.26222758016032066,24.0,9.0,0.0628090282672618,0.6548704296819859
1566,01_13_A0113121110001000032z,0.5,0.2779928693679272,38.0,13.0,1.4146171685858395,0.6823037725863881
1567,01_13_A0113121110001100032z,0.5,0.21533877666575765,34.0,14.0,1.4145586123681366,0.5980491533341389
1568,01_13_a0113121110001200032z,0.5,0.2229615480961924,34.0,14.0,1.4145413076911757,0.5981480402155394
1569,01_13_a0113121120000300026z,0.3333333333333333,0.3496699765630331,36.0,21.0,2.0012570281250635,0.940638396554776
1570,01_13_a0113121120000300045z,1.0,0.0950448916124933,20.0,11.0,0.14675120172821074,0.7637327423577593
1571,01_13_A0113121130000100031A,0.5,0.29333287152699283,24.0,14.0,1.414624277722892,0.6407442066693969
1572,01_13_A0113121130000100031B,0.5,0.23812035753222016,22.0,14.0,1.4147339599019364,0.6691857145986518
1573,01_13_A0113121130000100032z,0.6666666666666666,0.2181865470272642,22.0,16.0,1.4150228548222687,0.7067420032104443
1574,01_13_A0113121130000100043z,0.6666666666666666,0.2506652706979955,23.0,11.0,1.0017135069908443,0.6300813018254033
1575,01_13_A0113121130000100051z,0.8333333333333334,0.3220222375950812,17.0,3.0,0.0913056194956117,0.6358825994572032
1576,01_13_a0113121140000200026z,0.5,0.11799572564669568,33.0,19.0,1.735659717405838,0.8111881636150664
1577,01_13_a0113121140000300023z,0.3333333333333333,0.23231091543552215,35.0,16.0,1.7328266713080964,0.8722142342437668
1578,01_13_a0113121140000300024A,0.5,0.08278407725515269,35.0,18.0,1.7324164601730447,0.8179585626897757
1579,01_13_a0113121140000300024B,0.3333333333333333,0.2394758920582679,35.0,16.0,1.7329661953654474,0.8733941108321118
1580,01_13_a0113121140000300032z,0.6666666666666666,0.3691027496722769,30.0,12.0,1.0039663487413009,0.4654150132231684
1581,01_13_a0113121140000300040z,0.6666666666666666,0.3478778123289185,20.0,12.0,1.0012314017779007,0.6282283502552273
1582,01_13_A0113121160000500055z,0.6666666666666666,0.4445080452468212,60.0,27.0,0.08952048220746857,0.6044165584048267
1583,01_13_A0113121190000300024z,0.6666666666666666,0.3039643317615057,26.0,15.0,1.4185159354690848,0.9139974955861968
1584,01_13_A0113121190000300033z,0.6666666666666666,0.4805625595453201,29.0,14.0,1.4159506068491066,0.796224551951908
1585,01_13_A0113121190000600031z,0.6666666666666666,0.5368052410441492,30.0,15.0,1.0034768811050798,0.7869685562735246
1586,01_13_A0113121190000600041z,0.8333333333333334,0.10435224881823092,16.0,8.0,0.20771616637525211,0.39711502094515183
1587,01_13_A0113121190000700032A,0.8333333333333334,0.3052980961923848,22.0,12.0,1.002048699871898,0.3267168237829905
1588,01_13_a0113121190001100030B,0.5,0.2527897488182309,30.0,14.0,1.4150160292325633,0.6402501317459526
1589,01_13_a0113121190001100033A,0.6666666666666666,0.260016344801404,34.0,13.0,1.0009026550202385,0.5007484991154847
1590,01_13_A0113121210000700014A,0.5,0.6544819964002078,46.0,27.0,1.7423925854344386,1.3146402378987945
1591,01_13_A0113121210000700017E,0.5,0.10744749036797964,42.0,21.0,1.7359645114758624,0.7076952050600857
1592,01_13_A0113121210000700023C,0.3333333333333333,0.1695302546862552,43.0,22.0,1.7393170681987755,0.7523773830215935
1593,01_13_a0113121220001200031D,0.6666666666666666,0.4419819065680557,29.0,12.0,1.4145426978796338,0.7062957008856081
1594,01_13_a0113121220001200031E,0.6666666666666666,0.2618978269882082,21.0,11.0,1.415531950595326,0.8524703839083729
1595,01_13_a0113121220001200031F,0.6666666666666666,0.15384342679612095,21.0,11.0,1.4154021925523894,0.7817610844750418
1596,01_13_A0113121230001400041z,0.8333333333333334,0.36028508507282203,22.0,7.0,1.000605206246035,0.5071374885119858
1597,01_13_A0113121230001900032z,0.6666666666666666,0.223541085942186,29.0,16.0,1.0056090586368374,0.674443648320021
1598,01_13_A0113121230002000024z,0.6666666666666666,0.27041633943562804,19.0,12.0,1.4145133876265503,0.6480231872647835
1599,01_13_A0113121240000600022z,0.3333333333333333,0.34661421724045105,40.0,21.0,1.7328436170414676,0.937605058964822
1600,01_13_A0113121240000600029z,0.6666666666666666,0.1934906634975377,30.0,17.0,1.0037927627357266,0.8209759741433648
1601,01_13_A0113121240000600034z,0.8333333333333334,0.14864704383098848,35.0,15.0,0.08338582820226252,0.558808176102266
1602,01_13_A0113121240000600038z,0.8333333333333334,0.1449321667689255,35.0,15.0,0.07987497957208141,0.5544715793905368
1603,01_13_A0113121250000200025z,0.5,0.2872415164836716,35.0,18.0,1.7352561503524897,0.9057741354098776
1604,01_13_A0113121250000200033z,0.8333333333333334,0.23227428119181134,25.0,12.0,1.0076039141348991,0.8556942723850707
1605,01_13_a0113121250000600025z,0.3333333333333333,0.22391472026331136,35.0,20.0,1.7329026848498017,0.8311374552396985
1606,01_13_A0113121250001000034z,0.6666666666666666,0.3691027496722769,27.0,14.0,1.415174920902952,0.8123274668937006
1607,01_13_a0113121250001100025z,0.5,0.3096770144270843,35.0,19.0,1.7333297192523807,0.8735117886295951
1608,01_13_A0113121250001100035A,0.6666666666666666,0.13465726095047234,25.0,14.0,1.4145602695496282,0.6141201608117186
1609,01_13_A0113121250001800025z,0.6666666666666666,0.4804600231429626,25.0,11.0,1.4161142483977616,0.9119267360358848
1610,01_13_a0113121250002300023z,0.6666666666666666,0.23868124836629784,27.0,15.0,1.4160125917344475,0.7064809166741278
1611,01_13_a0113121250002300032z,0.8333333333333334,0.15160876947004653,20.0,9.0,1.0020083649978102,0.6316514666332168
1612,01_13_a0113121260000500024z,0.5,0.3450752445155798,30.0,18.0,1.7354184984491838,0.9419516278262136
1613,01_13_a0113121260000500034z,0.8333333333333334,0.2624171082931034,29.0,10.0,1.0057821144041938,0.8492808372430429
1614,01_13_a0113121260000500043z,0.8333333333333334,0.10193892200889998,28.0,12.0,0.11840643613919798,0.7799421036096262
1615,01_13_A0113121260000700031z,0.6666666666666666,0.25262509863050353,27.0,16.0,1.4157958889975604,0.8475971266109652
1616,01_13_A0113121260000700032B,0.5,0.20319898003076864,25.0,14.0,1.4145799041644054,0.6733663289016901
1617,01_13_A0113121260000700049z,0.8333333333333334,0.2384725312206334,17.0,10.0,1.0004049263960797,0.7023070510798366
1618,01_13_a0113121260000900025z,0.3333333333333333,0.2744234637531193,36.0,21.0,2.000562856758536,0.8841130678315482
1619,01_13_a0113121260000900032z,0.6666666666666666,0.2299113724724653,27.0,14.0,1.415993457030935,0.8599926337067496
1620,01_13_a0113121260001000027B,0.5,0.18013503021845045,29.0,17.0,1.41487308206133,0.7098565955387508
1621,01_13_A0113121260001100023A,0.3333333333333333,0.25922273714094857,35.0,19.0,2.000369981486356,0.8604980384337596
1622,01_13_A0113121260001100023B,0.5,0.3504935704742819,34.0,17.0,1.7325005825712916,0.7816602929696337
1623,01_13_A0113121260001200024z,0.6666666666666666,0.3482141607395909,27.0,14.0,1.414725671920475,0.7018228307317493
1624,01_13_a0113121260001200032A,0.6666666666666666,0.3247137766657576,30.0,12.0,1.0033089805155788,0.4891962106880026
1625,01_13_a0113121260001200032B,0.6666666666666666,0.10076629365642732,25.0,14.0,1.4144586533405403,0.7623263619791314
1626,01_13_a0113121270000100025B,0.6666666666666666,0.2764168579626296,23.0,14.0,1.414424241350647,0.6279162327668881
1627,01_13_a0113121270000400033A,0.6666666666666666,0.294780191907824,35.0,18.0,1.001155922155494,0.4849367159687765
1628,01_13_a0113121270000400033C,0.8333333333333334,0.34780307483158035,24.0,9.0,1.0010154017382968,0.7074985585905832
1629,01_13_a0113121270000400033D1,0.8333333333333334,0.05055649741438073,17.0,13.0,1.0019535274359992,0.4215622358881274
1630,01_13_A0113121270000400040A,0.6666666666666666,0.17654780181204974,26.0,12.0,1.4146305277130702,0.5980643977558334
1631,01_13_a0113121270000600040A,0.6666666666666666,0.2903281978034744,33.0,18.0,1.000447660666435,0.4725164904975086
1632,01_13_a0113121270000700033A,0.6666666666666666,0.3032309643171693,33.0,16.0,1.001374881778304,0.4824365059147836
1633,01_13_a0113121270000700033B2,0.8333333333333334,0.06490064577763666,20.0,9.0,1.001787007504933,0.636933671798245
1634,01_13_a0113121270000700033D1,0.8333333333333334,0.05633533528513124,17.0,13.0,1.0020704104936828,0.4252184507142235
1635,01_13_a0113121270001600024A,0.6666666666666666,0.24858637242364814,24.0,13.0,1.424048208406913,0.6571656883753176
1636,01_13_a0113121270001600034A,0.5,0.2968173171699815,32.0,13.0,1.7325948620673195,0.5806145825202654
1637,01_13_a0113121270001600034B,0.6666666666666666,0.3475985812012031,33.0,14.0,1.0171887436049964,0.8107782053522649
1638,01_13_a0113121270001800035A,0.5,0.27554717981610777,38.0,19.0,1.006623050681238,0.6749527036247435
1639,01_14_a0114120040000500012z,0.3333333333333333,0.7595638224122663,41.0,24.0,2.0109039166985734,1.2837825674990135
1640,01_14_A0114120040000500022B,0.3333333333333333,0.1952658304180062,35.0,19.0,2.0002707098051453,0.7023636175198847
1641,01_14_A0114120040000500023A,0.6666666666666666,0.2721319914086934,29.0,14.0,1.4150239008430967,0.8280503491771712
1642,01_14_A0114120040000500034A,0.5,0.4065319633051955,30.0,17.0,1.4147460436554942,0.6154590882679096
1643,01_14_A0114120070000100029z,0.6666666666666666,0.2246195394665299,25.0,14.0,1.4183761305488405,0.8302144549027365
1644,01_14_A0114120070000100032z,0.8333333333333334,0.23293107047428185,24.0,13.0,1.006628813446057,0.8085256266709853
1645,01_14_A0114120070000100040z,0.6666666666666666,0.19601411560986048,24.0,6.0,1.000566364637545,0.668726858092916
1646,01_14_A0114120080000100024z,0.5,0.2691056294343561,30.0,16.0,1.7357629919251991,0.8967464605295744
1647,01_14_A0114120080000100038z,0.8333333333333334,0.20363022528679714,12.0,5.0,1.0005135012950808,0.6063398867978544
1648,01_14_A0114120080000200025z,0.3333333333333333,0.349351177507921,43.0,23.0,2.00146464952382,0.9449744100774988
1649,01_14_A0114120090000100029z,0.6666666666666666,0.5510028123289185,27.0,11.0,1.4173174769547172,0.8282936898745552
1650,01_14_A0114120090000100032z,0.6666666666666666,0.4133519997155436,27.0,14.0,1.4182794835862966,0.8290804479178363
1651,01_14_A0114120090000200036z,0.6666666666666666,0.4034534244888805,27.0,12.0,1.420116396393987,0.7647565341889159
1652,01_14_A0114120090000300025z,0.3333333333333333,0.30972802052231263,37.0,23.0,1.7356152010618402,0.9124701499366036
1653,01_14_A0114120094000100025z,0.3333333333333333,0.2903016600750247,36.0,23.0,2.0007968643172624,0.9059400381450562
1654,01_14_A0114120094000100032z,0.6666666666666666,0.19035063798483046,27.0,13.0,1.4154014655410954,0.8274003916295335
1655,01_14_A0114120094000100043z,0.8333333333333334,0.16413648003076864,15.0,5.0,1.0005407781108768,0.5690118242954658
1656,01_14_A0114120100000700024z,0.3333333333333333,0.35546738545899137,39.0,21.0,1.734035313414492,0.9217914101003764
1657,01_14_A0114120100000700031n,0.8333333333333334,0.21766529430893444,25.0,13.0,1.0101999658284284,0.8380710936404221
1658,01_14_A0114120100000700031s,0.6666666666666666,0.4477573780464911,27.0,13.0,1.421472800253429,0.7935573988751113
1659,01_14_A0114120100000700041z,0.8333333333333334,0.35944898003076864,27.0,17.0,0.10482473543264488,0.4620059417355031
1660,01_14_A0114120100001300034z,0.6666666666666666,0.2670546108139846,32.0,19.0,1.0012411484779156,0.4552710436083488
1661,01_14_A0114120100001300052z,1.0,0.2749648513779477,22.0,14.0,0.07901594385688973,0.4792635562710518
1662,01_14_a0114120100002600050C,0.5,0.15684530754267836,47.0,26.0,1.4227645421876691,0.6212647596404233
1663,01_14_A0114120110000100025z,0.3333333333333333,0.3254633344860813,34.0,22.0,1.7360026913736664,0.9241111921366579
1664,01_14_A0114120110000100026z,0.6666666666666666,0.2200448916124933,27.0,15.0,1.4201304940149375,0.815034935571328
1665,01_14_A0114120110000100033z,0.8333333333333334,0.2873130554111137,27.0,13.0,1.0190592357224069,0.8725827119253555
1666,01_14_A0114120110000100042z,1.0,0.2093362087150708,16.0,7.0,0.1231754864153114,0.6050088255012108
1667,01_14_A0114120110000200025z,0.5,0.35546738545899137,31.0,18.0,1.7378185304764628,0.9339155446709724
1668,01_14_A0114120110001600052z,0.6666666666666666,0.2731586275016827,16.0,6.0,1.0036209071950402,0.4098630754650451
1669,01_14_a0114120113000100032B,0.8333333333333334,0.3123010107001568,19.0,12.0,1.005747586159322,0.6812051820822179
1670,01_14_A0114120120000200024z,0.5,0.4278519473616221,26.0,17.0,1.7343052416370126,0.9933408305737392
1671,01_14_A0114120120000200033A,0.5,0.28995219654766197,30.0,13.0,1.7323603319691123,0.6614802953455163
1672,01_14_A0114120120000200043A,0.8333333333333334,0.3416595987936877,26.0,10.0,1.0010884449516224,0.7531456025948321
1673,01_14_A0114120120001000033z,0.5,0.2793924575535436,28.0,13.0,1.7336419075729586,0.6641186952262351
1674,01_14_A0114120120001300047z,0.8333333333333334,0.27715267946393984,25.0,13.0,1.003200584498529,0.4849577790045186
1675,01_14_A0114120130000200029z,0.6666666666666666,0.5861996899111575,25.0,11.0,1.4191808613641734,0.8597476137239066
1676,01_14_A0114120130000200032z,0.6666666666666666,0.17755205441002486,31.0,9.0,1.01164767136707,0.7978356503646571
1677,01_14_A0114120130000200042z,0.6666666666666666,0.09212698480113568,28.0,13.0,0.13534686926748835,0.4944029878987162
1678,01_14_a0114120130000300027B,0.5,0.3365162694792569,35.0,19.0,1.73493081731899,0.9304551848973188
1679,01_14_a0114120130000300033z,0.6666666666666666,0.2490629762310136,30.0,14.0,1.0163629185707783,0.8478813410866196
1680,01_14_a0114120130000300042z,0.5,0.11377627666575765,34.0,13.0,1.0085874649523008,0.6520201139922797
1681,01_14_a0114120130000900026z,0.3333333333333333,0.4051237272399585,36.0,21.0,2.0012970652090742,0.9548907270409509
1682,01_14_a0114120130000900034z,0.5,0.1871906086268923,35.0,18.0,1.7339523882533812,0.8021983916040746
1683,01_14_a0114120130000900037B,0.6666666666666666,0.2421125386055475,25.0,15.0,1.4150853280964837,0.7223391142881613
1684,01_14_A0114120130001400030z,0.6666666666666666,0.17215145668118315,17.0,15.0,1.415520173972061,0.6939944248006444
1685,01_14_A0114120130001400031N,0.6666666666666666,0.14518044209067782,25.0,11.0,1.4159430986438326,0.7884973705840446
1686,01_14_A0114120130001400031S,0.6666666666666666,0.1492952773015911,25.0,11.0,1.4164837806151684,0.7866600115588166
1687,01_14_A0114120130001600033A,0.5,0.2818324430392317,28.0,13.0,1.7323528723332642,0.6977495526163934
1688,01_14_A0114120130001600033B,0.6666666666666666,0.23700009863050356,27.0,14.0,1.4164064758385313,0.8493035091858805
1689,01_14_A0114120190000100024z,0.3333333333333333,0.3690994351555776,33.0,18.0,1.736867606333458,0.9437748948608082
1690,01_15_A0115137030000300025z,0.5,0.3332758344860813,32.0,18.0,1.7358829635536115,0.943086738711206
1691,01_15_A0115137030000500022z,0.3333333333333333,0.2306873577718096,37.0,21.0,1.7341289246626994,0.8312152635595692
1692,01_15_A0115137030000500025z,0.3333333333333333,0.10435224881823092,33.0,17.0,2.000266725948283,0.7696663511586496
1693,01_15_A0115137030000500030z,0.3333333333333333,0.16493390029473465,41.0,21.0,1.7356845140154415,0.7954714633644803
1694,01_15_A0115137030000500035z,0.5,0.09809891394939413,31.0,13.0,1.419186866754211,0.7741773185141146
1695,01_15_A0115137030000500045z,0.6666666666666666,0.07432051603206412,29.0,13.0,1.0092413489770835,0.7622300974255674
1696,01_15_A0115137030000600017z,0.5,0.7781684735750571,40.0,22.0,1.736612795857709,1.2202710642301209
1697,01_15_A0115137030000600047z,0.5,0.2623992393335379,48.0,17.0,0.14665410497819756,0.6231169267714198
1698,01_15_A0115137030000800027z,0.3333333333333333,0.34999036534607675,36.0,27.0,1.736817421730473,0.7738424041803657
1699,01_15_A0115137030000800031z,0.5,0.22835552862481726,39.0,15.0,1.006641179924998,0.5901719249437102
1700,01_15_A0115137030000900017z,0.5,0.8385349352085814,40.0,22.0,1.7373555615125624,1.2573164561667989
1701,01_15_A0115137030000900025z,0.5,0.33054612022552565,32.0,18.0,1.735924141065862,0.9415709652444484
1702,01_15_A0115137030000900035z,0.16666666666666666,0.12397366101382368,42.0,32.0,1.7340573736118936,0.6937913713575642
1703,01_15_A0115137030001300048z,0.8333333333333334,0.4418575622118023,38.0,19.0,0.06538720076055501,0.7846466755983023
1704,01_15_A0115137030001500033z,0.3333333333333333,0.18419738573532607,35.0,17.0,1.7358299600201832,0.8337238573781365
1705,01_15_A0115137030001500035z,0.5,0.13119300871540507,34.0,17.0,1.414902762344766,0.8471722383906929
1706,01_15_A0115137030001500045z,0.6666666666666666,0.0979615480961924,43.0,22.0,0.12503410043116805,0.5543859203982396
1707,01_15_A0115137030001500052z,0.3333333333333333,0.17109853331929248,64.0,32.0,0.18712480691146555,0.628378105038111
1708,01_15_A0115137030001800035z,0.5,0.11953907121338014,26.0,13.0,1.4173471763767755,0.6967750345932092
1709,01_15_A0115137030001800046z,0.5,0.27395707677490905,48.0,20.0,0.14472069346063587,0.6411936583826061
1710,01_15_A0115137030001900025z,0.5,0.32125539804392644,32.0,18.0,1.735528483446528,0.9349440711231188
1711,01_15_A0115137030002300017z,0.5,0.8442939604578614,40.0,22.0,1.7374453443420137,1.263549969479172
1712,01_15_A0115137030002300027z,0.5,0.4136809347522407,34.0,18.0,1.7379248963046396,0.9965581510806858
1713,01_15_A0115137030002500036z,0.5,0.1743015817935637,26.0,16.0,1.7369998628792829,0.838032648447217
1714,01_15_A0115137030003800040z,0.6666666666666666,0.08674572564669569,32.0,15.0,0.13278667813261158,0.5857533692096094
1715,01_15_A0115137030004600029z,0.5,0.5148205452468212,34.0,19.0,1.7390231057258725,0.8452767466213865
1716,01_15_A0115137030004600039z,0.6666666666666666,0.4515880894899418,29.0,13.0,1.4222971059165639,0.786616198021294
1717,01_15_A0115137030005200027z,0.5,0.4136809347522407,34.0,18.0,1.7387175627309706,0.9975492198946371
1718,01_15_a0115137030005900058z,0.5,0.3710439050241602,43.0,19.0,0.11596161661048658,0.7352301836342159
1719,01_15_A0115137030006200015A,0.3333333333333333,0.5194539794533717,48.0,27.0,2.0027326750988625,1.1428349315565238
1720,01_15_A0115137030006200015B,0.3333333333333333,0.6124966912570079,44.0,26.0,2.00455945101749,1.1471102464561007
1721,01_15_A0115137030006600050z,0.6666666666666666,0.2373704646134375,33.0,8.0,1.0008022486729715,0.5872600022265164
1722,01_15_A0115137030007700031z,0.6666666666666666,0.2154158230168424,32.0,11.0,1.0034554375104512,0.6562086310652188
1723,01_15_A0115137030008200019A,0.5,0.2969766545198659,37.0,20.0,1.7344576535299896,0.8341615925055288
1724,01_15_A0115137030008200019B,0.3333333333333333,0.20322642912407085,42.0,23.0,2.001867549067004,0.8691300080023757
1725,01_15_A0115137030008200023z,0.6666666666666666,0.15578413481451425,31.0,16.0,1.4155998967391314,0.6465869602462708
1726,01_15_A0115137040000200024z,0.3333333333333333,0.16961774104414915,35.0,19.0,1.7339494694569486,0.8676617206861549
1727,01_15_A0115137040000400034z,0.3333333333333333,0.17278508507282198,41.0,20.0,1.732337582674906,0.8294915811292431
1728,01_15_a0115137040002200033z,0.5,0.2319496505965299,29.0,15.0,1.41460697632373,0.6185986069180982
1729,01_15_A0115137040004500024z,0.16666666666666666,0.3214937616057804,49.0,30.0,1.7353274090105089,0.9187238459907052
1730,01_15_A0115137040004500029z,0.3333333333333333,0.2587984637531193,41.0,20.0,1.733184893505829,0.8475220316595741
1731,01_15_A0115137040004600027z,0.5,0.4431603068176486,33.0,20.0,1.7342683901417142,0.914339349297956
1732,01_15_a0115137040007100066z,0.6666666666666666,0.12181991571901203,39.0,23.0,1.0008872011766858,0.7177325333987433
1733,01_15_a0115137040009600025A,0.3333333333333333,0.2836948780464911,35.0,20.0,2.0019337911683683,0.7594079672518473
1734,01_15_a0115137040009600035A,0.8333333333333334,0.19267946121888868,24.0,9.0,1.002866887050932,0.7003394645464329
1735,01_15_a0115137040009600050A,1.0,0.2651542248366979,23.0,12.0,0.07941603979512564,0.7029579765924557
1736,01_15_a0115137040009600060A,0.8333333333333334,0.2917026221984198,26.0,10.0,0.11231603313639743,0.7245863989400371
1737,01_15_a0115137040009600070A,0.8333333333333334,0.30883152791262714,23.0,10.0,0.1283369061004952,0.7346499156860616
1738,01_15_a0115137040009600091A,0.5,0.4739147202633114,44.0,24.0,0.0980098203406789,0.8334491611527604
1739,01_15_a0115137040009700044T1,0.8333333333333334,0.4257314050241602,37.0,15.0,0.10957485245333894,0.6423931828004243
1740,01_15_a0115137040009700044T2,0.6666666666666666,0.4494403123289185,44.0,19.0,0.07685685415384202,0.5387826107807304
1741,01_15_a0115137040010600026A,0.5,0.041158194657288434,28.0,16.0,1.417756606963028,0.8259531170956932
1742,01_15_a0115137040010600026B,0.6666666666666666,0.27324599146959216,27.0,14.0,1.416239110076887,0.7106493219410026
1743,01_15_a0115137040010600034A,0.6666666666666666,0.28718049053138395,28.0,15.0,1.4163826637279997,0.7031680978225018
1744,01_15_a0115137040010600057z,0.6666666666666666,0.3186845512277626,44.0,25.0,0.13319009764414866,0.7814778304261241
1745,01_15_A0115137060000200035z,0.3333333333333333,0.18099610355947626,35.0,20.0,1.7327125458704022,0.8343562380710955
1746,01_15_a0115137060000500024z,0.3333333333333333,0.38748669076331305,38.0,21.0,2.000358139628992,0.8623071525845164
1747,01_15_A0115137060000700032z,0.6666666666666666,0.1661077660904936,25.0,14.0,1.4176385664291722,0.8147929695257329
1748,01_15_A0115137060000900029z,0.5,0.23788940380761525,35.0,20.0,1.7338793368687344,0.9089353368587252
1749,01_15_A0115137060000900050z,0.6666666666666666,0.056768057252291615,34.0,11.0,1.0115928618694114,0.5524709995178368
1750,01_15_A0115137060001000026z,0.5,0.2985091221174744,37.0,21.0,1.7342214160341065,0.9096860909888212
1751,01_15_A0115137060001000038z,0.5,0.11372525693936465,36.0,18.0,1.7324202241802422,0.6960906430943099
1752,01_15_a0115137060001400025C,0.5,0.31035522707045504,35.0,16.0,1.7386908181496874,0.933536787529971
1753,01_15_a0115137060001400025z,0.16666666666666666,0.3248863457036397,47.0,28.0,1.7361647129520503,0.9283825788126178
1754,01_15_a0115137060001400033z,0.6666666666666666,0.2530814599949442,25.0,15.0,1.414472457359705,0.7425204089617624
1755,01_15_a0115137060001400043z,0.6666666666666666,0.1802980961923848,25.0,12.0,1.0002466352228825,0.5883933196962329
1756,01_15_a0115137060001400053z,0.5,0.4616631974815192,39.0,18.0,0.07397365583830233,0.4904961380818687
1757,01_15_A0115137060003000030z,0.3333333333333333,0.3738636149759269,45.0,18.0,1.7343246699064159,0.7732057566523765
1758,01_15_A0115137060003000033z,0.3333333333333333,0.2126446787436765,36.0,19.0,1.7329963466561924,0.8628907589004939
1759,01_15_A0115137060004800042z,0.6666666666666666,0.15676957677490905,26.0,15.0,1.0003506846141572,0.5898045473585174
1760,01_15_a0115137060005400030z,0.6666666666666666,0.34587731921547016,32.0,16.0,1.4177663460980698,0.9406185951730209
1761,01_15_a0115137060005400032z,0.6666666666666666,0.10435224881823092,32.0,16.0,1.418634209423102,0.7964005495845407
1762,01_15_A0115137060005700032A,0.6666666666666666,0.17455999934111402,29.0,13.0,1.4151267945258013,0.7919478439201212
1763,01_15_A0115137060007300023A,0.6666666666666666,0.2672591221174744,27.0,12.0,1.4165605582877665,0.8825917749758965
1764,01_15_A0115137060007300032z,0.6666666666666666,0.1348930572522916,27.0,14.0,1.4150492432290052,0.7611250369860599
1765,01_15_A0115137060007300040z,0.8333333333333334,0.0759883953150462,25.0,13.0,0.05840419659251065,0.6982427151071173
1766,01_15_a0115137060007600041A,0.6666666666666666,0.3157689596162713,32.0,13.0,1.4164868532259078,0.7226680210351406
1767,01_15_A0115137060007600046z,0.6666666666666666,0.3171590772551527,30.0,8.0,1.4145129066846007,0.6795909663205003
1768,01_15_A0115137060007700061A,0.6666666666666666,0.3727222201847864,45.0,24.0,0.05523527838278078,0.7693886934263114
1769,01_15_A0115137060007900034b,0.5,0.3532771883211862,32.0,14.0,1.7331067031131595,0.8452285550038356
1770,01_15_A0115137060008000032A,0.5,0.26182554946341285,42.0,19.0,1.0047034359519622,0.5033760081772539
1771,01_15_A0115137060008000032B,0.5,0.11568191574078945,38.0,22.0,1.0034945042030412,0.6688090330232742
1772,01_15_A0115137060008200066z,0.3333333333333333,0.30679717981610777,58.0,32.0,0.07910718224008241,0.5503659835882889
1773,01_15_A0115137060008700056a,0.5,0.33322538943389857,44.0,14.0,0.0930916849882208,0.6403711960529737
1774,01_15_A0115137060010000032z,0.8333333333333334,0.2624311122244489,23.0,12.0,1.0017671173350144,0.42861001507087215
1775,01_15_A0115137060010000045B,0.8333333333333334,0.3903407745647953,31.0,11.0,0.1358998528957426,0.6454842759456084
1776,01_15_A0115137060010000045C,1.0,0.5033461221538684,21.0,6.0,0.07267107429735567,0.6627257438906006
1777,01_15_A0115137060010900016z,0.3333333333333333,0.6627124490751048,54.0,31.0,2.013211146011997,1.3590670666923008
1778,01_15_A0115137060010900017z,0.3333333333333333,0.6852660271842386,54.0,31.0,2.0132737963465144,1.3706100190770638
1779,01_15_A0115137060012200049z,0.6666666666666666,0.29475962148571544,27.0,16.0,1.0027301323276252,0.4666965417987802
1780,01_15_A0115137060012200057z,0.6666666666666666,0.3413810348617463,28.0,16.0,1.002202922659731,0.493292225119624
1781,01_15_a0115137060012900032C,0.8333333333333334,0.15458850446978967,27.0,12.0,1.0027263586628177,0.6474240097615721
1782,01_15_a0115137060012900032D,0.5,0.2570162936564273,30.0,15.0,1.7324610354842658,0.7731468587432448
1783,01_15_A0115137060014100034A,0.5,0.1956435236277725,30.0,14.0,1.4161464573661502,0.7169738923474955
1784,01_15_A0115137060014100035z,0.5,0.4304346317278431,35.0,21.0,1.4157727715589257,0.8412889312986065
1785,01_15_A0115137060014100036A,0.5,0.2549785030243253,35.0,16.0,1.4177052801220713,0.7575878722862436
1786,01_15_A0115137060015100052E,0.5,0.1560881635987379,56.0,25.0,0.08806634665800972,0.8250514690849559
1787,01_15_A0115137060016000045B,0.6666666666666666,0.3427817230847237,29.0,15.0,1.0053346564701555,0.6658630549083647
1788,01_15_A0115137060016300056B,0.5,0.6034013675039849,37.0,20.0,1.41646912167175,1.0386640592495169
1789,01_15_A0115137060016800034A,0.6666666666666666,0.2775032977174393,27.0,16.0,1.0047175906578711,0.6627997077963393
1790,01_15_A0115137060016800034B,0.6666666666666666,0.2316321331141029,25.0,15.0,1.415033654738675,0.6771414834249182
1791,01_15_a0115137060016900039z,0.8333333333333334,0.3905673171699815,39.0,16.0,0.02529789700227111,0.5930343486061166
1792,01_15_a0115137060017000021A,0.5,0.3037773094123349,45.0,23.0,1.7408182392251856,1.0202163685721106
1793,01_15_a0115137060017000023B,0.6666666666666666,0.5430442632923927,32.0,19.0,1.4187381351610968,0.7733919781061457
1794,01_15_a0115137060017000031z,0.6666666666666666,0.8389795012102126,34.0,18.0,1.4212379704184894,1.096840547489908
1795,01_15_a0115137060017000035C,0.5,0.6452542074329929,47.0,24.0,1.0047097364865754,0.9406323109385369
1796,01_15_A0115137060017100018C,0.5,0.5487807895754054,40.0,21.0,1.7341477382824757,0.9699822619963584
1797,01_15_A0115137060017100034A,0.6666666666666666,0.38288648003076864,29.0,16.0,1.4149077863982609,0.7328845199317732
1798,01_15_A0115137060017100034D,0.8333333333333334,0.07483699051723802,23.0,12.0,1.0074071686981267,0.7550608265933656
1799,01_15_a0115137060018100032z,0.5,0.44778202782850296,38.0,16.0,1.0045436083650945,0.7881921078695242
1800,01_15_A0115137060018400033z,0.5,0.10981968703201606,32.0,15.0,1.4147033233601514,0.7573765138895454
1801,01_15_a0115137060022400041L,0.5,0.3028241705714636,34.0,18.0,1.418678387797094,0.963319953905172
1802,01_15_a0115137060022400068J,0.6666666666666666,0.8284623640586612,29.0,16.0,1.021032080728116,1.2765642311498482
1803,01_15_A0115137070000200034z,0.5,0.20439554631375767,30.0,19.0,1.7359595909443581,0.8188799558343425
1804,01_15_A0115137070000200050a,0.8333333333333334,0.059272610755491624,24.0,15.0,0.0948754928270162,0.4815211839007917
1805,01_15_A0115137070000200050b,1.0,0.08736711081398463,21.0,11.0,0.10856919071808252,0.4952376553961921
1806,01_15_A0115137070000200062a,0.5,0.06137080102388925,36.0,20.0,1.0010974196740845,0.4586335301158171
1807,01_15_A0115137070000800020A,0.5,0.5713951072296684,45.0,24.0,1.7390225164364084,1.099320268246482
1808,01_15_A0115137070000800032A,0.5,0.2548682020124906,34.0,19.0,1.4146568341822243,0.7322179216517523
1809,01_15_A0115137070001800032z,0.6666666666666666,0.18063132887221467,27.0,12.0,1.4156329156728056,0.8385518412774576
1810,01_15_A0115137070002100023z,0.3333333333333333,0.20768044209067785,41.0,21.0,2.0006129587552017,0.7036650017842815
1811,01_15_A0115137070002100025z,0.3333333333333333,0.1909895811125798,39.0,21.0,2.000303900786621,0.7579640510087501
1812,01_15_A0115137070002100034z,0.5,0.6737869351555776,32.0,14.0,1.7328326769096585,0.8062711347459921
1813,01_15_a0115137070006400021z,0.16666666666666666,0.485917672358852,49.0,28.0,2.003072726134088,1.0522142845689741
1814,01_15_a0115137070006400022z,0.16666666666666666,0.6297906383755165,43.0,25.0,2.000899877913465,1.1004170746359299
1815,01_15_A0115137070007500047A,0.8333333333333334,0.1767578648781748,24.0,11.0,1.0018182597164031,0.7882534547303413
1816,01_15_A0115137070007500056z,1.0,0.05803166244497283,19.0,10.0,0.047337155890883394,0.7149377609932396
1817,01_15_a0115137070009100016A,0.5,0.8402145269603245,46.0,27.0,1.7525681579625072,1.374691328333196
1818,01_15_A0115137070009100027z,0.3333333333333333,1.1438972630890525,44.0,26.0,2.0068798618644395,1.4344978542407285
1819,01_15_A0115137070009200062z,0.5,0.3792642335078877,46.0,23.0,0.14317811421004165,0.6274175441745745
1820,01_15_A0115137070010100014A1,0.5,0.5638814356801252,45.0,24.0,1.7367574549474012,1.0885078712049459
1821,01_15_A0115137070010100019A2,0.3333333333333333,0.2718019402507639,41.0,20.0,1.7336022393365524,0.8789504850435299
1822,01_15_A0115137070011100048z,0.3333333333333333,0.13214701504883294,41.0,21.0,1.7338230417078155,0.8090594730228868
1823,01_15_A0115137070011100053z,0.5,0.2634432949921882,40.0,25.0,1.4175576189887171,0.8432155726526086
1824,01_15_A0115137070011100054z,0.5,0.39633678119181137,53.0,34.0,1.0039124315104653,0.6959457942093596
1825,01_15_A0115137070011100068B,0.3333333333333333,0.4811333900619107,56.0,33.0,1.009291881333313,1.0114676239203528
1826,01_15_A0115137070011100079z,0.3333333333333333,0.38887555541111374,83.0,48.0,1.0059704360732646,0.9863955931648588
1827,01_15_A0115137070011200031A,0.6666666666666666,0.06610401724501637,30.0,14.0,1.0014774348174365,0.7318648495045188
1828,01_15_A0115137070011200031B,0.6666666666666666,0.12079151724501636,29.0,18.0,1.0014489707904817,0.7221947384517297
1829,01_15_A0115137070011200043z,0.8333333333333334,0.07218764719016746,27.0,15.0,0.045544445228510685,0.7550809058593886
1830,01_15_A0115137070012600032z,0.6666666666666666,0.3265019848011357,32.0,18.0,1.001574940495061,0.5226339838990329
1831,01_15_A0115137070012600040z,0.8333333333333334,0.3817861610138237,16.0,9.0,0.07018445504319516,0.41925314605451336
1832,01_15_A0115137070012600044A,0.8333333333333334,0.38057353729707655,26.0,14.0,0.08046249609347986,0.5198396584688588
1833,01_15_A0115137070012900056A,1.0,0.05768296461343748,21.0,8.0,0.03264821473681245,0.6482888929811758
1834,01_15_A0115137070012900056B,1.0,0.08673412430450966,15.0,8.0,0.04203856254887532,0.6365193466957851
1835,01_15_a0115137070014400018z,0.5,0.5188182427589261,51.0,29.0,1.7477819131846075,1.202631336445121
1836,01_15_a0115137070014400027z,0.3333333333333333,0.3799322172632728,51.0,29.0,2.0081863042807298,1.093393460221879
1837,01_15_a0115137070014400037z,0.5,0.2258175364857479,38.0,22.0,1.4203995773110725,0.9340489374031344
1838,01_15_A0115137070014500032z,0.6666666666666666,0.2531921146509887,26.0,17.0,1.003625570960056,0.7811081312684566
1839,01_15_A0115137070014500045z,1.0,0.04027756170235208,12.0,4.0,0.11694790225870233,0.5324582818811002
1840,01_15_A0115137070015800032z,0.5,0.3085937667626474,34.0,16.0,1.41468256283784,0.6685663028430967
1841,01_15_A0115137070015800044z,0.8333333333333334,0.18695931432215665,20.0,9.0,1.0006649081823848,0.4305503417455503
1842,01_15_A0115137070015800055z,0.8333333333333334,0.4289425364857479,22.0,7.0,0.056526824691872014,0.4993333250137309
1843,01_15_A0115137070016000013z,0.3333333333333333,0.5957539456402845,44.0,27.0,2.002958182497748,1.1495844813435234
1844,01_15_A0115137070016000014z,0.3333333333333333,0.5561859817543833,44.0,26.0,2.0011935588600585,1.1003013756245794
1845,01_15_A0115137070016000056z,0.3333333333333333,0.6658040543452496,63.0,24.0,0.16068071706865714,0.9736767416054074
1846,01_15_A0115137070016100036A,0.5,0.39114457677490905,34.0,20.0,1.0030142752777735,0.8084125218406417
1847,01_15_A0115137070017800032z,0.6666666666666666,0.2269874243459497,25.0,16.0,1.4147515631156908,0.7184883139270792
1848,01_15_A0115137070017800039z,0.8333333333333334,0.12949409133801587,22.0,5.0,0.08335301372921003,0.4271418367593257
1849,01_15_A0115137070017800043z,0.6666666666666666,0.12556508648364695,30.0,10.0,0.08080848595952404,0.6706622099868832
1850,01_15_A0115137070017800045z,0.5,0.15269091892841566,38.0,15.0,0.08084519892959875,0.3902931314566133
1851,01_15_a0115137070018500033z,0.5,0.23943509571362045,36.0,18.0,1.42177906777094,0.9128984226622662
1852,01_15_a0115137070018500034A,0.5,0.2284255185833408,32.0,18.0,1.4215632274594383,0.8793031082405847
1853,01_15_a0115137070018500034B,0.5,0.5324891600750247,29.0,19.0,1.420925114752697,0.9104386758534508
1854,01_15_a0115137070018500038z,0.3333333333333333,0.8315215532541097,40.0,24.0,1.4177965610540548,1.0714742882166135
1855,01_15_a0115137070018600026z,0.5,0.2309856137201517,36.0,22.0,1.7343156214616833,0.8973892852030051
1856,01_15_a0115137070018600030z,0.5,0.267145085625797,33.0,22.0,1.733351141673735,0.9278926764739658
1857,01_15_a0115137070018600032z,0.3333333333333333,0.38343281216774383,42.0,25.0,2.0028878310086107,1.0359687645410496
1858,01_15_A0115137070019000029z,0.5,0.1660323423041984,35.0,17.0,1.4161295854432183,0.6128510293221059
1859,01_15_A0115137070019000030z,0.5,0.14664868455007465,41.0,19.0,1.4155638184900152,0.7607309463537058
1860,01_15_A0115137070019000031z,0.5,0.3540073780464911,34.0,16.0,1.4162049820590807,0.7147994314514349
1861,01_15_a0115137070019100017z,0.5,0.14171202021559748,43.0,23.0,1.7348213859399593,0.7735377669301834
1862,01_15_a0115137070019100022z,0.6666666666666666,0.4364713436069463,34.0,16.0,1.4214442409213703,0.8053560155787485
1863,01_15_a0115137070019100032z,0.5,0.09408102362777247,34.0,16.0,1.415077957063441,0.7543457973391291
1864,01_15_a0115137070019100033B,0.5,0.09474361325320046,33.0,19.0,1.4152010556282315,0.7612748557353494
1865,01_15_A0115137070020000023z,0.3333333333333333,0.6158251855945568,36.0,21.0,2.001104527753594,0.9234324757667745
1866,01_15_A0115137070020000032A,0.5,0.28848782334784506,27.0,15.0,1.4150763671817057,0.6997756261163925
1867,01_15_A0115137070020000042z,0.6666666666666666,0.4010625986305035,42.0,19.0,1.003143212844091,0.8463758608909718
1868,01_15_A0115137070020400031z,0.3333333333333333,0.15196094808407312,48.0,20.0,1.0014133182553404,0.7532244384002228
1869,01_15_a0115137070020400032z,0.5,0.5342141270548477,41.0,17.0,1.0071859796716771,1.104836166316095
1870,01_15_A0115137070020800029z,0.5,0.1361538204914502,42.0,20.0,1.7330852498197735,0.7398659971042428
1871,01_15_A0115137070020800031A,0.3333333333333333,0.10196956412825653,40.0,20.0,2.001757142506772,0.7689479797364682
1872,01_15_A0115137070021600034z,0.5,0.2780103763613145,34.0,13.0,1.4146633791187981,0.7267731173576083
1873,01_15_A0115137070022500032z,0.5,0.21241223276123355,32.0,14.0,1.414988016256966,0.5573494884171906
1874,01_15_a0115137070022700038A,0.8333333333333334,0.18911895717188432,23.0,11.0,1.0011231372623193,0.4797029844298508
1875,01_15_a0115137070022700040A,0.5,0.19741492631565385,27.0,17.0,1.4171252022545469,0.5141931236813887
1876,01_15_a0115137070022700046A,1.0,0.16197948141293672,20.0,4.0,0.036111224977270026,0.6632557920099641
1877,01_15_a0115137070022700049z,1.0,0.2322395544100249,15.0,10.0,0.10338134993758548,0.570142708711621
1878,01_15_A0115137070022800032z,0.8333333333333334,0.12110700208771352,29.0,16.0,1.002412444131031,0.7429748889235794
1879,01_15_A0115137070022800040z,0.6666666666666666,0.24908130521606586,33.0,15.0,1.4214724332049085,0.85246136415576
1880,01_15_A0115137070022800050z,0.6666666666666666,0.10623530181204976,27.0,16.0,1.0038836208253408,0.7456310361873418
1881,01_15_a0115137070023100031B,0.6666666666666666,0.22302037152699286,33.0,18.0,1.004670842446637,0.5695985440603619
1882,01_15_a0115137070023300036z,0.6666666666666666,0.18761764686160087,20.0,8.0,1.417675982740452,0.7012527845311607
1883,01_15_a0115137070023300052z,1.0,0.2070402676502904,20.0,10.0,0.13544711881329727,0.6922447777440465
1884,01_15_a0115137070023600031z,0.6666666666666666,0.1955068280500395,29.0,17.0,1.4150184940135977,0.7690729305894275
1885,01_15_a0115137070023600042z,0.6666666666666666,0.6251211531189099,32.0,14.0,0.09103133247687248,0.7354729760716157
1886,01_15_A0115137070024600042A,0.6666666666666666,0.3571177410441492,32.0,20.0,1.002076282836617,0.7487347292099205
1887,01_15_a0115137070027300062z,0.5,0.2983024472858761,40.0,29.0,1.0090638225140631,0.8765266221913649
1888,01_15_a0115137070028400041z,0.5,0.5770963436069463,37.0,16.0,1.4163186416931919,0.9140345988133388
1889,01_15_a0115137070028400043z,0.6666666666666666,0.27429491136701045,37.0,19.0,1.0047796265622932,0.80373781351302
1890,01_15_a0115137070028400049A,0.5,0.29667460667157697,43.0,24.0,1.0006078214201175,0.8373596352684283
1891,01_15_A0115137130000100027z,0.3333333333333333,0.3286792898860785,31.0,18.0,1.7350330709347568,0.6666069991202702
1892,01_15_a0115137130000100031N,0.5,0.3329892259564501,31.0,21.0,1.4159493867857893,0.5869638254323662
1893,01_15_a0115137130000100031S,0.5,0.3178684790752677,29.0,17.0,1.4158253622218735,0.6037253624862998
1894,01_15_A0115137130000100031z,0.8333333333333334,0.25801455156175235,27.0,13.0,1.009991993743635,0.7695805346703319
1895,01_15_A0115137130000600033z,0.5,0.3451746958267541,27.0,17.0,1.4175624177732695,0.6381570426027037
1896,01_15_A0115137130000700013z,0.3333333333333333,0.7865270849670356,49.0,29.0,2.009726976568251,1.4070243208558668
1897,01_15_A0115137130000700014z,0.3333333333333333,1.1293740663843024,44.0,26.0,2.005341178683174,1.4564578337299707
1898,01_15_A0115137130000700016z,0.3333333333333333,1.0333179752361867,44.0,26.0,2.005070697707327,1.3873859672295312
1899,01_15_a0115137130002100014z,0.5,0.6746553612544237,51.0,30.0,1.7779196722756894,1.5345563719553437
1900,01_15_a0115137130002100028z,0.5,0.15384342679612095,41.0,26.0,1.74067416598848,0.9233926894582176
1901,01_15_A0115137140000100030z,0.5,0.280909576718278,30.0,20.0,1.7388002997206744,0.9159016259806676
1902,01_15_A0115137140000100032z,0.8333333333333334,0.2202007494540532,26.0,12.0,1.0118967194068778,0.8258397307613233
1903,01_15_a0115137140000800035A,0.5,0.3575663746499478,35.0,18.0,1.0052969444250686,0.7044443924943433
1904,01_15_a0115137140001100025A,0.5,0.06650801603206412,29.0,15.0,1.00208289116145,0.7547733924418825
1905,01_15_a0115137140001100036A,0.5,0.3613448423041984,35.0,18.0,1.0054554339157875,0.7100465188710818
1906,01_15_a0115137140001300039C-1,0.5,0.5624322663453796,44.0,20.0,1.0091488114555036,0.7600391458478756
1907,01_15_a0115137140001300039C-2,0.5,0.5546197663453796,51.0,24.0,1.008864475089001,0.7655174883600924
1908,01_16_a0116133020000100037z,0.6666666666666666,0.2970036940889451,37.0,26.0,1.011327003660967,0.7738965547626663
1909,01_16_a0116133020000300028z,0.6666666666666666,0.08679491136701045,25.0,16.0,1.418078587128505,0.7877603546213807
1910,01_16_a0116133020000300034z,0.8333333333333334,0.3968144848011357,28.0,16.0,1.0079309894592532,0.7365268538036059
1911,01_16_a0116133020000300045z,1.0,0.12183850023278885,18.0,12.0,0.11921779304392588,0.5573654386520897
1912,01_16_a0116133020001200027z,0.3333333333333333,0.36158359341006174,36.0,22.0,2.000931251613153,0.9225054158299162
1913,01_16_a0116133020001400022z,0.5,0.20047722026331136,30.0,18.0,1.7327541888906075,0.8469329777738371
1914,01_16_a0116133020001400031z,0.6666666666666666,0.19584905570634936,29.0,14.0,1.4151193790432883,0.8257259604065675
1915,01_16_a0116133020001400043z,0.8333333333333334,0.21100986550344947,23.0,9.0,0.024181771228839164,0.4336926196250584
1916,01_16_a0116133050000100024A,0.3333333333333333,0.3696086202255257,32.0,18.0,1.7365501870168683,0.8849217194693442
1917,01_16_a0116133050000100024B,0.5,0.25130444559034504,33.0,18.0,1.7357466817619125,0.8584129069022306
1918,01_16_a0116133050000200026z,0.5,0.31549170928311954,33.0,19.0,1.7343845746025754,0.8998696756499763
1919,01_16_a0116133050000200033z,0.6666666666666666,0.2373653135111192,31.0,14.0,1.0053582417516482,0.8332526260725555
1920,01_16_a0116133050000400033z,0.6666666666666666,0.1859744824256544,29.0,16.0,1.0046747665271925,0.670032976937156
1921,01_16_a0116133050001000032A,0.6666666666666666,0.2362380185833408,25.0,16.0,1.4157089171063686,0.8511093129083908
1922,01_16_a0116133050001100032A,0.6666666666666666,0.2400057949921882,25.0,14.0,1.416558176324819,0.8598532844793769
1923,01_16_a0116133050001100032B,0.5,0.06528974881823091,30.0,16.0,1.4149654537579284,0.7127482051998092
1924,01_16_a0116133050001500023z,0.6666666666666666,0.3052662694792569,27.0,13.0,1.4153256343306553,0.9128854946567831
1925,01_16_a0116133050001500031z,0.6666666666666666,0.1106866667872992,25.0,14.0,1.415382054876711,0.7803401994087671
1926,01_16_a0116133050001500040z,0.8333333333333334,0.40078907121338014,24.0,9.0,0.07859342638740915,0.4213497921595367
1927,01_16_A0116133070000200025z,0.5,0.2924369542398919,33.0,19.0,1.7361523974731852,0.8871742387137301
1928,01_16_A0116133070000200031z,0.8333333333333334,0.474155926796121,26.0,12.0,1.0092743375474278,0.7914649065334264
1929,01_16_A0116133070000200041z,0.8333333333333334,0.05364447848180165,20.0,12.0,0.10077357671830284,0.4860526813879424
1930,01_16_a0116133070000300026z,0.5,0.29115788748901,31.0,20.0,1.7382227567836608,0.8491969624231525
1931,01_16_a0116133070000300033z,0.6666666666666666,0.4759332582228897,34.0,16.0,1.020080009043374,0.76772201047629
1932,01_16_A0116133070000300044z,0.8333333333333334,0.3691605730012902,22.0,11.0,0.1536497644486608,0.6157433078401087
1933,01_16_a0116133070000900024A,0.6666666666666666,0.3136812616057804,25.0,14.0,1.4160769171849084,0.8631122188671077
1934,01_16_a0116133070000900024B,0.6666666666666666,0.2417259160691956,36.0,18.0,1.415249486436433,0.7904605504476296
1935,01_16_a0116133070002400024z,0.8333333333333334,0.32031688194172603,29.0,13.0,1.005203869516453,0.902721426727368
1936,01_16_a0116133070002400033z,0.8333333333333334,0.28201468889455444,20.0,16.0,1.0012020430245543,0.4723602078868388
1937,01_16_A0116133080000100031z,0.5,0.14464802449727046,30.0,19.0,1.7350877478210538,0.8089730802634544
1938,01_16_A0116133080000100041z,0.6666666666666666,0.2473669612188887,26.0,12.0,1.0013542070145418,0.4660729332324174
1939,01_16_a0116133080000200025z,0.3333333333333333,0.3285560704742819,37.0,19.0,1.7350511022872344,0.9694938209952229
1940,01_16_a0116133080000200032z,0.3333333333333333,0.38461381655929305,35.0,20.0,1.734325750930542,0.7964548736634279
1941,01_16_a0116133080000200044z,0.8333333333333334,0.3704731633984081,27.0,10.0,0.08836092217314227,0.7733368896447547
1942,01_16_A0116133080000300025z,0.16666666666666666,0.3163063649383573,49.0,29.0,1.7370416717475767,0.9244493771712876
1943,01_16_A0116133080000300034z,0.5,0.1611801839494592,33.0,18.0,1.4185700934565175,0.8014581040428798
1944,01_16_A0116133080000500024A,0.5,0.27988263742584885,28.0,18.0,1.732659050841215,0.8940407723274914
1945,01_16_A0116133080000500024B,0.16666666666666666,0.19456753648574787,48.0,27.0,2.001616122577768,0.8555988548711623
1946,01_16_A0116133080000500032z,0.6666666666666666,0.2412504762310136,31.0,15.0,1.0078557714676006,0.8304738652237531
1947,01_16_A0116133080000500042N,1.0,0.08725580045526228,16.0,2.0,0.06367828996963165,0.637935713045328
1948,01_16_A0116133080000500042S,1.0,0.10524399741438073,20.0,10.0,0.06826139077511002,0.6243407906728935
1949,01_16_a0116133080000800024z,0.6666666666666666,0.32686141873298835,44.0,27.0,1.0076137908834195,0.8246079103015939
1950,01_16_A0116133090000200032z,0.8333333333333334,0.3430952948741174,22.0,15.0,1.006260948429032,0.7130588288748172
1951,01_16_a0116133090001200024z,0.8333333333333334,0.32421738545899137,29.0,13.0,1.004475640070229,0.9019776840905668
1952,01_16_a0116133090001200032B,0.6666666666666666,0.3073841392287815,27.0,11.0,1.4148425975837924,0.6857730240698096
1953,01_16_a0116133090002100022z,0.3333333333333333,0.0965475413915078,29.0,17.0,1.7321553099092226,0.739948959592509
1954,01_16_a0116133090002100030A,0.8333333333333334,0.5428425700345282,28.0,14.0,1.0042572670145256,0.7891689774685248
1955,01_16_a0116133090002100030B,0.5,0.10852215574559976,36.0,15.0,1.002086666546714,0.4986615509527529
1956,01_16_a0116133090002100031A,0.6666666666666666,0.5414504351392079,34.0,15.0,1.0046999233975804,0.8100211764240551
1957,01_16_a0116133090002600032z,0.6666666666666666,0.20761909133801587,23.0,15.0,1.0039219316327386,0.5473582202743549
1958,01_16_a0116133092000100025B,0.5,0.3294849301177845,42.0,15.0,1.0021887129009253,0.786239241833377
1959,01_16_a0116133092000200025A,0.6666666666666666,0.23824228753634835,31.0,18.0,1.001818149128442,0.6764394042037933
1960,01_16_a0116133093000500025B,0.5,0.377684999341114,42.0,17.0,1.005955256265716,0.8276927396844971
1961,01_16_A0116133094000100033z,0.8333333333333334,0.4573898737324272,27.0,13.0,1.0070868801359305,0.7758463502234525
1962,01_16_A0116133094000100034z,0.6666666666666666,0.2483931789754005,27.0,14.0,1.4147977981983846,0.6597850021652046
1963,01_16_A0116133094000100044a,0.8333333333333334,0.2393052506200306,23.0,16.0,0.12455597197783355,0.6288329105662528
1964,01_16_A0116133094000100044b,0.8333333333333334,0.25062588484209125,24.0,12.0,0.09898113254930803,0.6526232499383511
1965,01_16_a0116133100000100024z,0.3333333333333333,0.31549170928311954,36.0,19.0,1.735253702015069,0.9712393526540052
1966,01_16_a0116133100000100028z,0.16666666666666666,0.2308267335078877,43.0,22.0,1.7344702417809514,0.8732691281161329
1967,01_16_a0116133100000200032z,0.8333333333333334,0.2982006430006988,25.0,13.0,1.0133051075109776,0.878701977599959
1968,01_16_a0116133100000200042z,1.0,0.11721784061471052,20.0,7.0,0.13797699816081255,0.747634231472715
1969,01_16_a0116133100000300026z,0.5,0.3383615112456317,26.0,19.0,1.7366389828511797,0.8671518104524258
1970,01_16_a0116133100000300029A,0.6666666666666666,0.2689738724724653,25.0,16.0,1.4203561159421034,0.8836016258106486
1971,01_16_a0116133100000300031B,0.6666666666666666,0.33902756170235204,26.0,16.0,1.4224658079041048,0.8850029424621308
1972,01_16_a0116133100000400021z,0.5,0.3155767194418335,40.0,23.0,1.7342059638297995,0.9352549002769188
1973,01_16_a0116133100000400023z,0.5,0.6356741260298374,35.0,18.0,1.7403700756599547,0.9016427416925468
1974,01_16_a0116133100000700028z,0.3333333333333333,0.3096770144270843,36.0,19.0,1.7348531119572141,0.9637125042927333
1975,01_16_a0116133100000700033z,0.6666666666666666,0.20224028100059765,25.0,16.0,1.4223195746665993,0.8719618430331081
1976,01_16_a0116133100001700032B,0.6666666666666666,0.36885116256772293,34.0,13.0,1.0019369672517928,0.7961586679127931
1977,01_16_a0116133110000100032z,0.5,0.5172066413901248,29.0,16.0,1.732173187604193,0.6458608076193366
1978,01_16_a0116133110000200024z,0.6666666666666666,0.1200549519060492,28.0,16.0,1.4213214209459806,0.7811012302587629
1979,01_16_a0116133110000300024z,0.5,0.24130892887357824,33.0,18.0,1.7345064203194438,0.8629459228133125
1980,01_16_a0116133110000400029z,0.8333333333333334,0.4767132147124876,24.0,12.0,1.0056943255998756,0.7693606274685431
1981,01_16_a0116133110000400031z,0.8333333333333334,0.4798489191740455,28.0,14.0,1.007151365916265,0.7697825023480175
1982,01_16_a0116133110000500032z,0.6666666666666666,0.5246350818811147,28.0,16.0,1.4171138957316685,0.6321119768597061
1983,01_16_a0116133110000900024z,0.5,0.3069036488218603,35.0,19.0,1.7346437706311857,0.9135544958032245
1984,01_16_a0116133110001100025z,0.3333333333333333,0.34248641873298835,36.0,23.0,2.000717321507042,0.926709408385095
1985,01_16_a0116133110001900023z,0.5,0.31639752314296266,28.0,17.0,1.7332639630184103,0.9310908324420231
1986,01_16_a0116133110001900033z,0.6666666666666666,0.26470630521606586,25.0,13.0,1.4155600122285856,0.8569813038583
1987,01_16_a0116133110002100024z,0.3333333333333333,0.16397757086097953,41.0,25.0,1.7381432384069446,0.7440163530448761
1988,01_16_a0116133110002100034z,0.6666666666666666,0.20985279430893444,27.0,14.0,1.4159919001649517,0.8430416510298447
1989,01_16_a0116133110002200026z,0.5,0.2983095133298613,35.0,19.0,1.7376745899921873,0.8183159309664917
1990,01_16_a0116133110002300029z,0.3333333333333333,0.29280095268233003,41.0,22.0,1.7323441290916433,0.8216500578066285
1991,01_16_a0116133110002300038z,0.8333333333333334,0.22589168084846944,24.0,14.0,1.0043635648616027,0.6262513302696929
1992,01_16_a0116133110002400023z,0.5,0.21077277849744147,33.0,19.0,1.7339203534190502,0.8523437213458939
1993,01_16_a0116133110002400033z,0.5,0.2721254719190703,32.0,15.0,1.4230636606025242,0.8909141251501306
1994,01_16_a0116133110002400043z,0.5,0.22036773247231112,39.0,21.0,1.0071302120505934,0.5810513098784017
1995,01_16_a0116133110003000028z,0.5,0.12889988855707055,30.0,17.0,1.4149904547363727,0.6480944835049351
1996,01_16_a0116133110003000033A,0.6666666666666666,0.11929717981610775,19.0,8.0,1.4148463046778366,0.38532363907762796
1997,01_16_a0116133110003000033B,0.6666666666666666,0.23578523714094854,25.0,13.0,1.4157123256481112,0.8690349662217526
1998,01_16_a0116133110003500026z,0.3333333333333333,0.3652949765630331,36.0,22.0,2.001033703374031,0.9371095972520099
1999,01_16_a0116133110003700031z,0.6666666666666666,0.2787496727689613,20.0,17.0,1.4158347139169591,0.7119226972596542
2000,01_16_a0116133110003700038z,0.6666666666666666,0.3375192232795833,27.0,12.0,1.0007306658473778,0.6725673959021752
2001,01_16_a0116133110003900023z,0.5,0.32812938194172603,30.0,18.0,1.734379303701736,0.9335397466925744
2002,01_16_a0116133110003900032A,0.8333333333333334,0.2055678067725748,24.0,10.0,1.0105516315671128,0.825452419081433
2003,01_16_a0116133110003900032B,0.6666666666666666,0.18992873148385536,23.0,13.0,1.415848096288385,0.8433782566018551
2004,01_16_a0116133110004100032z,0.6666666666666666,0.2343379277986024,31.0,16.0,1.4147753848515183,0.7559018373045632
2005,01_16_a0116133110004100038z,0.6666666666666666,0.29183487377557216,22.0,13.0,1.0006650514876891,0.5948027584078676
2006,01_16_a0116133110004100042z,0.6666666666666666,0.28507504163066744,22.0,14.0,1.0008005385734733,0.5878033108931504
2007,01_16_a0116133110004200032z,0.5,0.1334230961923848,36.0,15.0,1.0058953485584348,0.460846806960972
2008,01_16_a0116133110004400030A,0.8333333333333334,0.21566436937235345,25.0,12.0,1.0057943376942562,0.8417272886447295
2009,01_16_a0116133120000300024z,0.5,0.3039643317615057,35.0,19.0,1.7349095691454608,0.907342324748988
2010,01_17_a0117136030000400032z,0.8333333333333334,0.2603489108498688,23.0,11.0,1.0059360429326811,0.8345409285932893
2011,01_17_a0117136030000400039z,0.8333333333333334,0.17855830102388925,22.0,14.0,1.005624622066693,0.6192171645491563
2012,01_17_a0117136030000400043z,0.6666666666666666,0.1647036734917977,24.0,15.0,1.0004991013478521,0.6074006390659783
2013,01_17_a0117136040000200026z,0.3333333333333333,0.35395289587110723,36.0,18.0,1.7339417389963203,0.9145914122693636
2014,01_17_a0117136040000200032z,0.6666666666666666,0.2316518763408078,23.0,15.0,1.0057214570527206,0.6784815040995092
2015,01_17_a0117136040000200043z,0.6666666666666666,0.13632869391534494,41.0,19.0,0.12325586401157344,0.627329953458203
2016,01_17_a0117136060000100033A,0.5,0.4060752125945012,30.0,15.0,1.7343590964989977,0.8010864842872321
2017,01_17_a0117136060000300023z,0.3333333333333333,0.39629454850214896,34.0,19.0,1.7335186007679182,0.9470147977865544
2018,01_17_a0117136060000800033z,0.5,0.23829912452876506,34.0,17.0,1.4143112573771286,0.6912088368781734
2019,01_17_a0117136060000800034z,0.6666666666666666,0.20265913481451425,25.0,12.0,1.41457792814977,0.5683300828805771
2020,01_17_a0117136060000800045z,1.0,0.13586128300557165,8.0,4.0,0.044844926792781466,0.35236678676382804
2021,01_17_A0117136060001000024z,0.3333333333333333,0.4144317766889711,43.0,23.0,2.00277193924368,0.9327520791881356
2022,01_17_A0117136060001100027z,0.3333333333333333,0.3037773094123349,36.0,21.0,2.00093263560736,0.8737082597546135
2023,01_17_A0117136060001300022z,0.5,0.4368345072631652,28.0,18.0,1.7324251626954061,0.7632008812346178
2024,01_17_A0117136060001300031z,0.5,0.20499483037349,24.0,13.0,1.7323908859558643,0.5819666390918998
2025,01_17_A0117136060001300040z,0.8333333333333334,0.2038126425434696,21.0,20.0,0.023199539315258148,0.36598117697165056
2026,01_17_a0117136060001800025z,0.6666666666666666,0.17315387521478806,24.0,12.0,1.0092402354539511,0.5868115161124682
2027,01_17_a0117136060002000031B,0.6666666666666666,0.43215702782850296,25.0,18.0,1.4181715793726273,0.8900618141298777
2028,01_17_a0117136060002000033z,0.5,0.21258533528513124,26.0,10.0,1.415128326058536,0.4244626571937187
2029,01_17_a0117136060002400031A,0.8333333333333334,0.15807361433393094,18.0,11.0,1.0011070618079223,0.62400090733311
2030,01_17_a0117136060002400040z,0.8333333333333334,0.2234594620700968,17.0,15.0,0.02693920568320813,0.3986434898177774
2031,01_17_a0117136060002500032A,0.6666666666666666,0.16976658245685272,26.0,18.0,1.0029620995103492,0.7736540918892307
2032,01_17_a0117136060003000033A,0.5,0.3685342839819071,38.0,18.0,1.4151619612199735,0.7830373677889747
2033,01_17_a0117136060003000033B,0.5,0.5829602507131527,41.0,17.0,1.416567039758555,0.9197678188233436
2034,01_17_a0117136060003000052z,0.6666666666666666,0.3392051854305269,48.0,25.0,0.06683819027351197,0.9025680178943336
2035,01_17_a0117136070000200030z,0.3333333333333333,0.10435224881823092,42.0,28.0,1.7376743844410008,0.7972958851842378
2036,01_17_a0117136070000200056z,0.5,0.3174301839494592,46.0,29.0,0.23323567485476795,0.8308971265616254
2037,01_17_a0117136070000700024z,0.6666666666666666,0.33187035753222016,32.0,15.0,1.0036895123385383,0.7911028818301522
2038,01_17_a0117136070000700042z,1.0,0.3768447609504724,20.0,4.0,0.061694235932112935,0.4648070972465294
2039,01_17_a0117136080000200023B,0.3333333333333333,0.26135032024966376,36.0,21.0,2.0005994119723702,0.8789221298524201
2040,01_17_a0117136080000200032A,0.6666666666666666,0.26155106108802045,23.0,15.0,1.415025772302669,0.6896873087533957
2041,01_17_a0117136080000200032B,0.6666666666666666,0.2295528135111192,25.0,14.0,1.4162854105141385,0.8451575879077456
2042,01_17_A0117136090000400024b,0.5,0.27358856815301913,35.0,22.0,1.7348928531499488,0.8988513199573718
2043,01_17_a0117136090000400033z,0.8333333333333334,0.2959648094123349,26.0,12.0,1.0086011704407172,0.8486964346221267
2044,01_17_a0117136090000400043z,0.6666666666666666,0.16422836184703374,24.0,11.0,1.0050836592542896,0.5607926537916899
2045,01_17_a0117136090001200026z,0.3333333333333333,0.13933815096023486,36.0,21.0,2.0002562644952797,0.7581572143751092
2046,01_17_a0117136090002800033z,0.6666666666666666,0.2825156978034744,37.0,14.0,1.0009070840251253,0.6482868834958838
2047,01_17_a0117136100000400025z,0.5,0.340527174705448,33.0,18.0,1.7350870736700093,0.9174283329647442
2048,01_17_a0117136100000400033A,0.8333333333333334,0.23585199198588386,21.0,14.0,1.0053624872526614,0.7176329113844601
2049,01_17_a0117136100001200024z,0.3333333333333333,0.2501211531189099,37.0,21.0,1.7335154584731014,0.8224478502681372
2050,01_17_a0117136100001300036z,0.5,0.4775499514799544,29.0,17.0,1.4178590803267423,0.6714319355821168
2051,01_17_a0117136100001400026z,0.5,0.3301109781516385,33.0,18.0,1.7356611005996074,0.8767588277879528
2052,01_17_a0117136100001400034z,0.6666666666666666,0.379400548031264,29.0,18.0,1.00526792357455,0.697294945803401
2053,01_17_a0117136100001400042z,0.8333333333333334,0.2419086275016827,24.0,10.0,0.08872032347738198,0.5834908457293266
2054,01_17_a0117136100001500046c,1.0,0.1365899221962089,16.0,11.0,0.10801695645128367,0.6872215081575154
2055,01_17_a0117136100002300024z,0.3333333333333333,0.20725281232891848,36.0,23.0,2.000706471781049,0.8473943964918284
2056,01_17_a0117136100002300025z,0.3333333333333333,0.2767654368654664,33.0,18.0,2.0006468276982847,0.8838180701849611
2057,01_17_a0117136100002300042a,0.8333333333333334,0.17370678857715433,14.0,7.0,1.0005089656658075,0.5916883796893236
2058,01_17_a0117136100003500024A,0.6666666666666666,0.40884472317651177,25.0,17.0,1.4144424278317718,0.6978074237707161
2059,01_17_a0117136100003500032z,0.8333333333333334,0.3424031786099672,21.0,13.0,1.0033026697582352,0.5072525993641738
2060,01_17_a0117136100003500041z,0.8333333333333334,0.11898881655929305,18.0,9.0,0.048516976451792086,0.3286920695839722
2061,01_17_a0117136100003600032A,0.6666666666666666,0.40043536254752504,32.0,14.0,1.0020034436844776,0.4834835024436626
2062,01_17_a0117136100003700031z,0.6666666666666666,0.28980963172784313,25.0,14.0,1.4161945842350745,0.8692523308098645
2063,01_17_a0117136100003700043z,0.6666666666666666,0.1631165259836561,23.0,11.0,1.0006572786423162,0.6150367063099113
2064,01_17_a0117136100004000034z,0.6666666666666666,0.2527897488182309,35.0,17.0,1.00371085932519,0.7596711299098055
2065,01_17_a0117136100005100022z,0.5,0.25074713172784313,32.0,18.0,1.7330457858486064,0.896955560719965
2066,01_17_a0117136100005100026z,0.5,0.5371195394665299,28.0,17.0,1.7335771074504331,0.8536753666898305
2067,01_17_a0117136100005100032A,0.6666666666666666,0.1881105961923848,27.0,17.0,1.416013971862278,0.741372233072752
2068,01_17_a0117136100005100032B,0.6666666666666666,0.3443605961923848,23.0,8.0,1.4149410080280764,0.6354072204689921
2069,01_17_a0117136100005100034z,0.5,0.3517568280500395,28.0,14.0,1.423815603757147,0.5411533507031909
2070,01_17_a0117136100005100047z,0.6666666666666666,0.20162223699061102,35.0,20.0,1.0034895356232274,0.7609157041181924
2071,01_17_a0117136100005500023z,0.3333333333333333,0.2638755554111137,31.0,19.0,1.732705947222322,0.9224385078234848
2072,01_17_a0117136100005500032z,0.6666666666666666,0.2390589159479856,28.0,15.0,1.0008215392836437,0.6440639306912362
2073,01_17_a0117136100005700032A,0.8333333333333334,0.2703344620700968,19.0,9.0,1.001798045804197,0.6589807855549435
2074,01_17_a0117136100006600032A,0.6666666666666666,0.3372783651518204,29.0,14.0,1.4172075330627416,0.7308404952173497
2075,01_17_a0117136100006600033z,0.6666666666666666,0.2281048265633563,27.0,12.0,1.4152295778985646,0.6366172629994726
2076,01_17_a0117136100006600035A,0.8333333333333334,0.2229615480961924,28.0,14.0,1.0015272526173111,0.6282755111315904
2077,01_17_a0117136100007200031z,0.8333333333333334,0.19616991136701045,28.0,10.0,1.0045970318920667,0.7016521107428969
2078,01_17_a0117136100007200032z,0.8333333333333334,0.1763470187501439,28.0,12.0,1.0036689154709082,0.6984068545879076
2079,01_17_a0117136100007200033z,0.8333333333333334,0.18572572777133214,22.0,12.0,1.0037290038897373,0.7094008473268858
2080,01_17_a0117136100007200050z,0.8333333333333334,0.4016624981228607,21.0,5.0,0.06779842809781639,0.7588717893999753
2081,01_17_a0117136100007300023A,0.5,0.3210802031393684,31.0,15.0,1.4148801884798743,0.6634282664492681
2082,01_17_a0117136100007400034z,0.5,0.2629895657946563,28.0,16.0,1.7412711994882992,0.9041935302072256
2083,01_17_a0117136101000100022z,0.3333333333333333,0.34484760316452834,43.0,22.0,1.7346704097149932,0.9432220467670328
2084,01_17_a0117136101000100024z,0.5,0.3412544831726946,33.0,18.0,1.7363994265471967,0.9158107164558448
2085,01_17_a0117136110000300024z,0.6666666666666666,0.15983837021588398,25.0,14.0,1.4153631387293202,0.8339348641701841
2086,01_17_a0117136110000300043z,1.0,0.2280380009110781,14.0,10.0,0.04188663832578537,0.6726007706622131
2087,01_17_a0117136110000700030z,0.5,0.11399361222444893,32.0,14.0,1.7346048058802042,0.7060759840239659
2088,01_17_a0117136110001600024B,0.5,0.21978523714094853,30.0,18.0,1.4157177748907088,0.903406142451296
2089,01_17_a0117136110001600024C,0.5,0.3052476530871541,42.0,16.0,1.002643203972548,0.8976280912959109
2090,01_17_a0117136110001600038z,0.6666666666666666,0.11146524487490063,27.0,14.0,1.0012647886346873,0.5459166785079802
2091,01_17_a0117136110001600043z,0.5,0.3300615449268366,38.0,16.0,1.0013605277987938,0.6874161521912494
2092,01_17_a0117136110002100023A,0.6666666666666666,0.4867961202255257,40.0,14.0,1.0031550829167957,0.8804611889916149
2093,01_17_a0117136110002100023B,0.6666666666666666,0.32078333769506817,30.0,15.0,1.0052224940070789,0.7118195525704943
2094,01_17_a0117136110002100023C,0.6666666666666666,0.2342131635987379,32.0,19.0,1.4152753152836526,0.8315356997817502
2095,01_17_a0117136110002100033z,0.5,0.2761070915194876,28.0,13.0,1.4145497129985714,0.7021529287073799
2096,01_17_a0117136110002100041z,0.8333333333333334,0.2679587270335063,35.0,12.0,0.09250404413192216,0.4524178411797806
2097,01_17_a0117136110002100050z,0.6666666666666666,0.1874423171699815,24.0,10.0,0.04262639732643055,0.3489366894013822
2098,01_17_a0117136110002400024z,0.8333333333333334,0.5639507494540532,28.0,13.0,1.005138183955132,0.835551903129169
2099,01_17_a0117136110002400033z,0.5,0.2840172461009771,28.0,15.0,1.4152259172139,0.4900744482220144
2100,01_17_a0117136110002400041z,0.8333333333333334,0.047879095874421074,26.0,13.0,0.06594704762730821,0.2558392177163771
2101,01_17_a0117136110002700023z,0.5,0.4373874791324937,33.0,17.0,1.4163726932801832,0.7244228179540915
2102,01_17_a0117136110002700031z,0.6666666666666666,0.2211928067725748,23.0,15.0,1.4164315104471163,0.8552793273642717
2103,01_17_a0117136110002700040z,0.8333333333333334,0.20375088484209125,22.0,11.0,0.060257804528765835,0.3802207042825061
2104,01_17_a0117136110003300033a,0.6666666666666666,0.3434406086268923,32.0,13.0,0.06930879349482726,0.5786607194130277
2105,01_17_a0117136110003300033B,0.5,0.1875306025117188,40.0,22.0,1.0011796790702494,0.590108600768323
2106,01_17_a0117136110003300034z,0.6666666666666666,0.24248198347562175,31.0,17.0,1.0014554013321295,0.6860872838521637
2107,01_17_a0117136120000400026A,0.3333333333333333,0.30120564312385456,38.0,23.0,2.0009090066446307,0.9162704572931838
2108,01_17_a0117136120000400026B,0.3333333333333333,0.3838708279562221,33.0,20.0,2.0008508950949597,0.9458237593799029
2109,01_17_a0117136120000400033A,0.8333333333333334,0.4596199722530908,27.0,14.0,1.0117999775030004,0.7719062205660209
2110,01_17_a0117136120000400033B,0.8333333333333334,0.4622491667872992,27.0,14.0,1.0119269963186108,0.7751853322041101
2111,01_17_a0117136120000500024z,0.6666666666666666,0.2342786023214156,23.0,13.0,1.41542342198916,0.7918826198953812
2112,01_17_a0117136120000500032z,0.5,0.3601253824746909,31.0,17.0,1.4148424702046378,0.681448235347604
2113,01_17_a0117136120000500043z,1.0,0.4253645811125798,18.0,10.0,0.12957779021769802,0.5060802289868882
2114,01_17_a0117136130000100025z,0.5,0.2958726907156932,33.0,18.0,1.7329700409026991,0.8692295212539237
2115,01_17_a0117136130000300025z,0.5,0.292875319300573,33.0,18.0,1.7328791069499307,0.8695273606927468
2116,01_17_a0117136130000700024z,0.6666666666666666,0.2689738724724653,23.0,15.0,1.4153763868326874,0.8660366743622715
2117,01_17_a0117136130000700033A,0.6666666666666666,0.2538021785328899,23.0,17.0,1.4147484379642106,0.7113050858335258
2118,01_17_a0117136130000700033B,0.3333333333333333,0.1754839070031956,29.0,20.0,1.7321671663221063,0.8087532822321343
2119,01_17_a0117136130000700033C,0.6666666666666666,0.2724692230847237,33.0,16.0,1.4147162661352992,0.7080677932538849
2120,01_17_a0117136130000700033z,0.6666666666666666,0.2524240112456317,25.0,14.0,1.416002991022147,0.8531612889337338
2121,01_17_a0117136130001300032z,0.6666666666666666,0.5074874782201478,25.0,14.0,1.4163801251310766,0.8095444386359104
2122,01_17_a0117136130001600032A,0.5,0.2310408230168424,39.0,21.0,1.4160856646926314,0.5544807436268062
2123,01_17_a0117136130001600032B,0.5,0.2271730961923848,39.0,21.0,1.4158893432225998,0.5379502263772273
2124,01_17_a0117136130002400034C,0.5,0.1589466392287815,32.0,16.0,1.732605557366941,0.6894374115961847
2125,01_17_a0117136150000300024z,0.3333333333333333,0.3301109781516385,42.0,22.0,1.734563247383701,0.9802910217536538
2126,01_17_a0117136150000300043z,0.6666666666666666,0.13955627376247826,41.0,19.0,0.11836552079676692,0.6289253489412127
2127,01_18_a0118138040000400025z,0.5,0.2924369542398919,35.0,18.0,1.7353104168670146,0.8950660411607709
2128,01_18_a0118138040000400033z,0.8333333333333334,0.19596123216582415,25.0,13.0,1.0105631508416286,0.8313037960482476
2129,01_18_A0118138040000700025z,0.3333333333333333,0.327376129471332,42.0,28.0,1.7379816923134639,0.9293604917062416
2130,01_18_A0118138040000700030z,0.6666666666666666,0.4381759491536773,26.0,16.0,1.4200096287301798,0.7929721013305281
2131,01_18_a0118138040000800025f,0.5,0.31739978782015443,32.0,15.0,1.4195102923643357,0.919536259536346
2132,01_18_a0118138040000800033a,0.8333333333333334,0.4106530719205401,21.0,15.0,1.0045992322248358,0.6863269146734123
2133,01_18_a0118138040000800033c,0.8333333333333334,0.29499299053138395,23.0,12.0,1.005283402543898,0.7037079217137261
2134,01_18_A0118138040000900037z,0.5,0.4479963315184585,36.0,24.0,1.4196945054235384,0.8497804192859123
2135,01_18_A0118138040001800025z,0.3333333333333333,0.3628298426790886,36.0,23.0,2.0008048757400383,0.949891363155532
2136,01_18_A0118138040001900026z,0.3333333333333333,0.3476036895219009,34.0,23.0,2.0009134768439143,0.9285078156261868
2137,01_18_a0118138040002400025z,0.5,0.33983502314296266,35.0,20.0,1.7354339400238157,0.9304409670187844
2138,01_18_a0118138040002400032z,0.6666666666666666,0.27988263742584885,25.0,14.0,1.4178396338655654,0.8240234352971072
2139,01_18_A0118138040002700032z,0.6666666666666666,0.14249483037348998,29.0,16.0,1.0027043855012818,0.7199633319072445
2140,01_18_A0118138040002700045A,0.8333333333333334,0.368844384018697,35.0,13.0,0.0787588517417382,0.7888872570517382
2141,01_18_A0118138040002800032A,0.6666666666666666,0.22637099146959214,24.0,12.0,1.4153615922780989,0.6482889121346531
2142,01_18_a0118138110000400025z,0.5,0.38071256434273226,31.0,18.0,1.7364647286670198,0.9587556313080441
2143,01_18_A0118138110000700034z,0.8333333333333334,0.5631602371409485,24.0,14.0,1.0107405640720426,0.8312362741419408
2144,01_18_A0118138110000800025z,0.5,0.3039643317615057,42.0,21.0,1.7367441827017949,0.9127994939263276
2145,01_18_A0118138110000900037z,0.8333333333333334,0.20375088484209125,14.0,7.0,1.0003588884356809,0.5999413523712448
2146,01_18_A0118138110000900047z,1.0,0.2587350290417496,8.0,6.0,0.05331933801958171,0.4527823588430893
2147,01_18_A0118138110001200017z,0.3333333333333333,0.6419759838941952,45.0,24.0,2.01054987489027,1.1849057483326535
2148,01_18_A0118138110001200021z,0.3333333333333333,0.33983502314296266,43.0,23.0,2.001755910212351,0.9145034329164564
2149,01_18_A0118138110001200025z,0.3333333333333333,0.32125539804392644,36.0,21.0,2.000725810520234,0.9162657340071964
2150,01_18_A0118138110001300017z,0.3333333333333333,0.6746553612544237,45.0,24.0,2.0107291320321568,1.2110988405602516
2151,01_18_A0118138110001300021z,0.3333333333333333,0.35546738545899137,43.0,23.0,2.001817369109251,0.9314268430991298
2152,01_18_A0118138110001300025z,0.3333333333333333,0.34248641873298835,36.0,21.0,2.0008789196676227,0.9422538436375874
2153,01_18_A0118138110002100031z,0.6666666666666666,0.25992217981610777,30.0,15.0,1.0027090664055875,0.5138403581921241
2154,01_18_a0118138120001000032z,0.8333333333333334,0.18832270484120692,24.0,13.0,1.0089107818117486,0.8199186964985211
2155,01_18_A0118138130000100031z,0.6666666666666666,0.2386870525030644,25.0,13.0,1.4170773500084444,0.6319768036125208
2156,01_18_a0118138130000200026z,0.3333333333333333,0.327376129471332,37.0,20.0,1.735223236109472,0.9980495701782672
2157,01_18_A0118138130000200045z,0.6666666666666666,0.08240794776365913,36.0,17.0,0.13024908214471742,0.6714604002781311
2158,01_18_A0118138130000400028z,0.5,0.4832687467079173,34.0,17.0,1.738968984611701,0.9280493797657858
2159,01_18_A0118138130000400032z,0.5,0.3827227371409485,31.0,16.0,1.4185060373894485,0.8235079488749624
2160,01_18_A0118138130000600048z,0.5,0.1341241667872992,45.0,18.0,0.1512001253644552,0.7132084278281168
2161,01_18_a0118138130000800030z,0.6666666666666666,0.5920451448499605,26.0,11.0,1.4191162081552382,0.911602043810744
2162,01_18_a0118138130000800042z,1.0,0.4254881057526143,13.0,11.0,0.09080414558970476,0.5843416007716878
2163,01_18_A0118138130000900019z,0.3333333333333333,0.5263088794630459,37.0,20.0,1.7419891615203718,1.0486993114115173
2164,01_18_A0118138130000900021z,0.5,0.3039643317615057,30.0,18.0,1.7392240594073245,0.9259059180936048
2165,01_18_A0118138130000900025z,0.16666666666666666,0.31549170928311954,45.0,30.0,1.7369680070767883,0.8926910196200828
2166,01_18_A0118138130000900032z,0.6666666666666666,0.5252833163371661,33.0,13.0,1.4226517152390938,0.8198295291105603
2167,01_18_a0118138130001000025B,0.5,0.2237692993689729,36.0,20.0,1.735043773410654,0.8612150447347228
2168,01_18_a0118138130001400031A,0.5,0.2346569633051955,31.0,17.0,1.4148961331140764,0.6900599216626767
2169,01_18_a0118138130001400031B,0.5,0.1850939845529568,26.0,15.0,1.4149139717145458,0.7480632897742372
2170,01_18_a0118138130001400031C,0.8333333333333334,0.2741878824746909,22.0,12.0,1.0006611907752458,0.645496803257936
2171,01_18_A0118138130001600032z,0.6666666666666666,0.2353790958744211,23.0,8.0,1.4154055895739417,0.635578382740244
2172,01_18_A0118138130001700052z,0.8333333333333334,0.3882244779316044,28.0,5.0,0.07947018562331815,0.7307160157278548
2173,01_18_a0118138130002000033B,0.8333333333333334,0.4935131430006988,20.0,11.0,1.0059366748752143,0.8145914217890663
2174,01_18_a0118138130002000033C,0.6666666666666666,0.6809151391017328,27.0,11.0,1.4213693754629888,0.9639682507709124
2175,01_18_a0118138150000100031z,0.6666666666666666,0.23114814511606385,25.0,13.0,1.4185182563835224,0.6345773377608948
2176,01_18_a0118138150000100045z,1.0,0.2694271785328899,18.0,9.0,0.1275336115902622,0.6019790381366867
2177,01_18_a0118138150000100055z,0.6666666666666666,0.2890928406147105,30.0,23.0,0.0590550411264788,0.4538549149422906
2178,01_18_a0118138150000400034z,0.5,0.07766759008212497,33.0,15.0,1.4189973084466627,0.7005194747478902
2179,01_18_a0118138150000500033z,0.8333333333333334,0.2304157625671659,24.0,12.0,1.0067452803440835,0.6424643564932326
2180,01_18_a0118138150001500025z,0.6666666666666666,0.26244650687168203,32.0,16.0,1.4187692061156763,0.8867295677234794
2181,01_18_a0118138150001500029z,0.6666666666666666,0.21534208922961007,32.0,16.0,1.419999600217119,0.8658019362732055
2182,01_18_a0118138150001500030z,0.6666666666666666,0.2087248468455899,32.0,16.0,1.4192193852242911,0.855818703617428
2183,01_18_a0118138150001600015z,0.3333333333333333,0.4647162589312901,49.0,29.0,2.010128455726978,1.2054249482049169
2184,01_18_a0118138150001600023z,0.3333333333333333,0.3107224734278684,43.0,24.0,2.0030286389029754,0.8899994539198686
2185,01_18_A0118138150002400043z,0.8333333333333334,0.28326509251284937,28.0,11.0,0.11942545931457264,0.6467359466755124
2186,01_18_a0118138150003100035A,0.6666666666666666,0.2448276221984198,27.0,14.0,1.4145445697161083,0.6848907665401776
2187,01_18_A0118138151000200034z,0.5,0.09584024487490063,31.0,15.0,1.4196523835167338,0.7067782640119294
2188,01_18_a0118138151000200043z,0.5,0.19337806729210205,39.0,25.0,1.0074231901550847,0.6913980828436911
2189,01_18_A0118138151000200047z,0.8333333333333334,0.2819102371409485,21.0,11.0,1.0009721694213616,0.7561837069104616
2190,01_18_A0118138151000200051z,0.8333333333333334,0.23815507003452815,18.0,12.0,1.0010528450289902,0.7102322140434335
2191,01_18_A0118138160000400035n,0.6666666666666666,0.4315888247885417,29.0,12.0,1.011936816383527,0.8478257324253683
2192,01_18_A0118138160000400035s,0.6666666666666666,0.4352139520003863,32.0,14.0,1.009680088127929,0.7607486582805751
2193,01_18_A0118138160000500043z,0.8333333333333334,0.18702922483669795,28.0,14.0,0.1498506268055029,0.5208778751110003
2194,01_18_A0118138160000500053z,0.5,0.3893074722530908,49.0,24.0,0.1023514272855002,0.4774115176372381
2195,01_18_A0118138160000600021z,0.16666666666666666,0.3512905260986369,45.0,32.0,1.7372983875416494,0.9238691823175464
2196,01_18_A0118138160000600025z,0.16666666666666666,0.33136303950083057,47.0,32.0,1.7357607514990707,0.9193285969067376
2197,01_18_A0118138160000600027z,0.3333333333333333,0.33025231921547016,33.0,19.0,1.73880428947014,0.9034136685135782
2198,01_18_A0118138160000600031z,0.5,0.4484183360326791,28.0,17.0,1.7346785840476773,0.7818714974774269
2199,01_18_A0118138160000900029z,0.6666666666666666,0.2602466545629022,25.0,16.0,1.4203663872655532,0.886640539556067
2200,01_18_A0118138160001200031z,0.5,0.4461899990457104,32.0,17.0,1.7355524993534568,0.8092135069195651
2201,01_18_A0118138160001200048a,0.8333333333333334,0.15254094176473898,26.0,18.0,0.04846522052087186,0.5747595427561121
2202,01_18_A0118138160001200055z,0.5,0.18702922483669795,41.0,20.0,0.07738531225637317,0.6976412541924557
2203,01_18_A0118138160001400023z,0.5,0.2645560704742819,32.0,16.0,1.735035053182325,0.8832304238040255
2204,01_18_A0118138160001400025z,0.3333333333333333,0.17167460667157694,37.0,19.0,1.734837039317915,0.8471414999911909
2205,01_18_A0118138160001400034z,0.3333333333333333,0.2194515808101992,34.0,17.0,1.7329441722541323,0.7670291885816333
2206,01_18_a0118138160001500033z,0.6666666666666666,0.3869394052992149,29.0,14.0,1.4174960008611166,0.6964514421467768
2207,01_18_A0118138160001600036z,0.6666666666666666,0.2272640808101992,31.0,8.0,1.4193050419100732,0.8425084339245809
2208,01_18_A0118138160001900046z,0.5,0.23489457677490905,27.0,17.0,1.0003914093988555,0.6822997814332293
2209,01_18_A0118138160001900056z,0.8333333333333334,0.2348196870320161,18.0,13.0,0.030833679969575895,0.6424764960069042
2210,01_18_A0118138160002200019z,0.3333333333333333,0.3565602502025995,39.0,23.0,1.7379262097423147,0.9368038669301896
2211,01_18_A0118138160002200024z,0.16666666666666666,0.32147642445658275,39.0,24.0,1.7368005315768906,0.8637161829014572
2212,01_18_A0118138160002200039z,0.8333333333333334,0.15244551603206413,28.0,11.0,0.09230220359683301,0.6543576678525294
2213,01_18_A0118138160002700028z,0.5,0.2409938814195555,33.0,18.0,1.7332071367768431,0.8656934067369998
2214,01_18_A0118138160002700038z,0.8333333333333334,0.2381979437525188,29.0,10.0,1.017656373645238,0.8384093106966868
2215,01_18_A0118138160003100024z,0.5,0.32141010316452834,28.0,14.0,1.4239521886106974,0.930477441932604
2216,01_18_A0118138160003100032z,0.5,0.18816023714094854,28.0,14.0,1.415738584343083,0.8347613401094602
2217,01_18_a0118138160003200037z,0.6666666666666666,0.19880941946059086,21.0,16.0,1.4143222276076413,0.7137125376916169
2218,01_18_A0118138160003500070a,0.6666666666666666,0.3635328934896821,43.0,24.0,0.0924498075287385,0.770161344226242
2219,01_18_a0118138160003700034z,0.5,0.2545397791669445,30.0,15.0,1.4146897170944706,0.694529919044747
2220,01_18_a0118138160003700044z,0.8333333333333334,0.3763599301177845,43.0,20.0,0.09190949943172176,0.6539906495104848
2221,01_18_A0118138160003900011z,0.3333333333333333,0.6133297330257221,54.0,31.0,2.011612548276593,1.3247671459025372
2222,01_18_A0118138160003900014z ,0.3333333333333333,0.8697711772066299,49.0,29.0,2.004558316790133,1.304027490740356
2223,01_18_A0118138160004100049z,0.8333333333333334,0.06436983037348998,30.0,10.0,1.0022363741768956,0.7590493731142015
2224,01_18_a0118138160004500017B,0.3333333333333333,0.8348362637109971,51.0,29.0,2.0101280070480967,1.4031444905128303
2225,01_18_A0118138160005500032A,0.5,0.20662174268920008,26.0,15.0,1.7381932468495511,0.6186867075984517
2226,01_18_A0118138160005700044z,1.0,0.3134438288722147,21.0,12.0,0.2485449799959292,0.5185007413747176
2227,01_18_A0118138160005800044z,0.6666666666666666,0.3177435704742819,24.0,12.0,1.0188572435913763,0.5287764943162974
2228,01_18_a0118138160005900043B,0.6666666666666666,0.35286694559034504,29.0,14.0,1.0227478508504182,0.8480437966104338
2229,01_18_a0118138160006300031A,0.6666666666666666,0.2406309225967592,25.0,14.0,1.4148151628690115,0.6742526221002956
2230,01_18_A0118138170000200059z,0.3333333333333333,0.16317778100059765,48.0,23.0,0.15555337660314364,0.7229166806490264
2231,01_18_A0118138170000400039z,0.8333333333333334,0.1476412936564273,25.0,13.0,0.12925331496026546,0.6499199691575974
2232,01_18_A0118138170000400045z,1.0,0.16014988855707055,20.0,9.0,0.1377719642418046,0.6751873911585154
2233,01_18_A0118138170001200033z,0.6666666666666666,0.2064605498101956,23.0,15.0,1.41508200546174,0.7338526949855355
2234,01_18_A0118138170001200036z,0.6666666666666666,0.21254969875648735,23.0,15.0,1.4154014487291462,0.6890512972547218
2235,01_18_A0118138170001200043z,0.5,0.31277645668118315,32.0,16.0,1.0009892439548818,0.5897569139881372
2236,01_18_A0118138170001200049z,1.0,0.22366930831359694,18.0,12.0,0.05909445286110941,0.6743082201189127
2237,01_18_A0118138170001200057z,1.0,0.35587946445451546,21.0,6.0,0.04509044640977514,0.4784116935704978
2238,01_18_A0118138170001300022z,0.3333333333333333,0.14171202021559748,36.0,21.0,2.00100495873516,0.7896903495518187
2239,01_18_A0118138170001300032C,0.5,0.2418599491944552,34.0,17.0,1.414355574954596,0.6680729682443719
2240,01_18_A0118138170002300066z,0.6666666666666666,0.2500723655034495,35.0,20.0,0.10891074622659427,0.6030760705689292
2241,01_18_A0118138170002700034B,0.6666666666666666,0.4599088436069463,29.0,18.0,1.4174026700800169,0.8691458649862106
2242,01_18_A0118138170002700034D,0.8333333333333334,0.3470961221538684,26.0,12.0,1.0060818605562374,0.7749307021242309
2243,01_18_A0118138190000300050z,0.8333333333333334,0.3947833244031487,30.0,7.0,0.09101289962256194,0.7847044804349231
2244,01_18_A0118138190000400049z,0.6666666666666666,0.2868561556950491,24.0,16.0,1.0016171059349903,0.7046602728699416
2245,01_18_A0118138190000400051z,0.6666666666666666,0.3265119244656296,27.0,13.0,1.4149684107308331,0.8042297401795594
2246,01_18_A0118138200000100043z,0.8333333333333334,0.13492217981610774,29.0,9.0,1.0040893336789358,0.4980020854244688
2247,01_18_A0118138200000100049z,0.5,0.2310565913380159,46.0,17.0,1.0035397733801137,0.691421531821091
2248,01_18_A0118138200000100056z,0.5,0.1642568280500395,51.0,22.0,1.0040185405455602,0.5882609964851083
2249,01_18_A0118138200000100068z,0.3333333333333333,0.3049159551202644,49.0,22.0,0.11661514030379574,0.6266664976862125
2250,01_18_A0118138200000300032z,0.6666666666666666,0.256122060037182,23.0,16.0,1.4144103167907844,0.7446001750474982
2251,01_18_A0118138200000400018z,0.3333333333333333,0.14464802449727046,36.0,21.0,2.001440063302266,0.8628051476537444
2252,01_18_A0118138200000500044z,0.6666666666666666,0.07533922979369413,35.0,13.0,1.0059199925508753,0.7486205314843529
2253,01_18_A0118138200000700033z,0.6666666666666666,0.4332109480840731,33.0,16.0,1.006373491418667,0.7321761246074449
2254,01_18_A0118138200001000032z,0.5,0.11861711081398466,37.0,19.0,1.0018217552869642,0.7255197694863135
2255,01_18_A0118138200001200033z,0.6666666666666666,0.09308451504883296,31.0,13.0,1.4156786546217073,0.7810675973943328
2256,01_18_a0118138200001500034B,0.5,0.3308383999307026,26.0,17.0,1.4181632640313002,0.7050580822908795
2257,01_18_A0118138200001700023z,0.6666666666666666,0.08778226095047237,29.0,16.0,1.002137463542636,0.7852557201513806
2258,01_18_a0118138210000600033z,0.5,0.30936030181204976,29.0,12.0,1.7331504329824918,0.5877942691620628
2259,01_18_a0118138210000700033A2,0.5,0.3093385002327889,28.0,11.0,1.732446459674711,0.6005250929333856
2260,01_18_a0118138210001400032D,0.8333333333333334,0.23364304591816176,20.0,11.0,1.0136448996925105,0.7314752279147321
2261,01_18_a0118138220000400034z,0.3333333333333333,0.17174931760071865,38.0,16.0,1.7332230167497158,0.6639942713999101
2262,01_18_A0118138220000400035z,0.3333333333333333,0.15967166187213133,45.0,20.0,1.4169565694903103,0.8224029516729897
2263,01_18_a0118138220000400036z,0.5,0.27924074651861264,34.0,19.0,1.4218007100379666,0.7136003411604579
2264,01_18_A0118138220000500026z,0.16666666666666666,0.2710482654790849,45.0,28.0,1.7373940420504297,0.8158491921984148
2265,01_18_A0118138220000500032z,0.6666666666666666,0.13922040927649693,31.0,16.0,1.4191080608874935,0.7390983177302992
2266,01_18_A0118138220000500043z,0.6666666666666666,0.2818605961923848,36.0,21.0,0.10753770012616128,0.6742418322064899
2267,01_18_A0118138220000900027z,0.3333333333333333,0.3125182737766554,40.0,25.0,1.7369395268508079,0.9323938845712412
2268,01_18_A0118138220000900032z,0.6666666666666666,0.1765742923870024,29.0,14.0,1.422265373420535,0.8566698245675811
2269,01_18_A0118138220002400033z,0.5,0.2767654368654664,24.0,21.0,1.417074615406865,0.8123200045805068
2270,01_18_A0118138220002400064C,0.5,0.3012795892296101,38.0,22.0,1.7334282890222374,0.93271059362884
2271,01_18_A0118138220002800026z,0.6666666666666666,0.32904378159672404,27.0,17.0,1.4149077602662006,0.6930412793973588
2272,01_18_A0118138220002800050B,0.6666666666666666,0.4043725119157233,31.0,11.0,1.0022513154783117,0.7158201213855496
2273,01_18_A0118138220003000024z,0.5,0.2542125698765953,28.0,15.0,1.7327206580646617,0.7050632153837273
2274,01_18_A0118138240000200028z,0.3333333333333333,0.4238448423041984,33.0,17.0,2.0003734412706544,0.7990172246391601
2275,01_18_A0118138240000200033z,0.6666666666666666,0.08081657813369403,29.0,15.0,1.4180062489411047,0.7507856528864039
2276,01_18_A0118138240000200039z,0.5,0.10110509008212497,25.0,17.0,1.4154523437699364,0.6644099496979626
2277,01_18_A0118138240000200046z,0.3333333333333333,0.10103705033108724,29.0,19.0,1.4157297650697271,0.6868006979914066
2278,01_18_A0118138240000200056z,0.8333333333333334,0.14864704383098848,28.0,12.0,0.06285945582762913,0.6998881470292879
2279,01_18_A0118138240000600033z,0.5,0.15243755954532012,30.0,21.0,1.7328499069575718,0.8019937758349484
2280,01_18_A0118138240001400033z,0.6666666666666666,0.0731252774004385,29.0,15.0,1.4179354373873734,0.7541431042498192
2281,01_18_A0118138240001400039z,0.5,0.10144984336805474,25.0,17.0,1.415363370444636,0.6676031363419495
2282,01_18_A0118138240001400046z,0.3333333333333333,0.09702663290944746,29.0,19.0,1.4157629881440408,0.6762326430870431
2283,01_18_a0118138240001600060z,0.3333333333333333,0.7169144473616221,35.0,19.0,1.7391742134688608,0.9365734936988566
2284,01_18_A0118138240002000064A,0.6666666666666666,0.4533466632577871,41.0,25.0,0.10358997528234924,0.9270312172245014
2285,01_18_a0118138240002900045A,0.6666666666666666,0.11921244597628987,34.0,19.0,1.4207617881050365,0.8677292104684549
2286,01_18_a0118138240002900051z,0.5,0.40610216513165703,31.0,21.0,1.4230352025960575,1.0405203780981558
2287,01_18_a0118138240002900052B,0.5,0.5060148455037283,31.0,21.0,1.4229607085219518,1.0411461320120363
2288,01_19_A0119158050000100020z,0.3333333333333333,0.2636185104358573,40.0,23.0,2.001703971357521,0.8928310316037359
2289,01_19_A0119158050000100027z,0.3333333333333333,0.3977739377059203,38.0,23.0,2.002942646856353,1.0021008284226545
2290,01_19_A0119158050000100030z,0.3333333333333333,0.2881523094123349,38.0,21.0,1.7340978934194562,0.8801067647911291
2291,01_19_A0119158050000100035z,0.6666666666666666,0.24945931432215665,27.0,16.0,1.4222023449671184,0.7985100511267395
2292,01_19_A0119158050000200027z,0.3333333333333333,0.3898636803349465,42.0,25.0,1.7361767700602448,0.9423042320548906
2293,01_19_A0119158050000200030z,0.3333333333333333,0.3217081349254399,48.0,28.0,1.42364498872003,0.90477781526184
2294,01_19_A0119158050000200035z,0.5,0.11903226095047235,46.0,33.0,1.4246872290283827,0.8224252885477772
2295,01_19_A0119158050000200045z,0.5,0.2921339595699939,53.0,30.0,1.0024191528495674,0.7450511640957254
2296,01_19_A0119158050000200055z,0.3333333333333333,0.1555662187959056,54.0,27.0,1.0051890616190464,0.6728745800936666
2297,01_19_A0119158050000400027z,0.5,0.30972802052231263,35.0,21.0,1.7378656829168426,0.9225092068236308
2298,01_19_A0119158050000400030z,0.3333333333333333,0.191088370215884,38.0,18.0,1.7331820020966542,0.8504689132604377
2299,01_19_A0119158050000400045z,0.6666666666666666,0.1120716392287815,27.0,14.0,1.0021771808896425,0.6934420761043827
2300,01_19_A0119158050000400055z,0.8333333333333334,0.23766076456710886,31.0,15.0,0.16657822876677958,0.7318020892353209
2301,01_19_A0119158050000500020z,0.5,0.3184491705714636,37.0,21.0,1.7348452927704037,0.8856728292342004
2302,01_19_A0119158050000500027z,0.5,0.28607819436808724,37.0,21.0,1.7349140562019576,0.8919443085194054
2303,01_19_A0119158050000500035z,0.3333333333333333,0.14619853729707655,31.0,15.0,1.7359638591756463,0.7320933402988473
2304,01_19_A0119158050000600020A,0.5,0.2657461531189099,37.0,21.0,1.7355399655695865,0.8679609214450063
2305,01_19_A0119158050000600035A,0.3333333333333333,0.24908130521606586,34.0,18.0,1.7357402190673554,0.9023991222027624
2306,01_19_A0119158050000800034z,0.6666666666666666,0.3402441768973941,28.0,13.0,1.0048251319582628,0.7460282516989062
2307,01_19_A0119158050001000020z,0.5,0.20055607047428192,37.0,21.0,1.7339984417289007,0.8297521139417048
2308,01_19_A0119158050001000035z,0.16666666666666666,0.1405134824316938,57.0,29.0,1.4170522763445572,0.7323227977648454
2309,01_19_A0119158050001000045z,0.6666666666666666,0.21147405570634936,46.0,27.0,0.11047440928101547,0.6740710362849592
2310,01_19_A0119158050001000055z,0.3333333333333333,0.4055268317615057,68.0,43.0,1.0110649417995592,0.8721782998058624
2311,01_19_a0119158050001200035N,0.6666666666666666,0.22107763267058897,27.0,14.0,1.4158757947862246,0.8600160238899882
2312,01_19_a0119158050001200035S,0.6666666666666666,0.4699360769342302,29.0,14.0,1.4163458369560096,0.7937882769242763
2313,01_19_A0119158050001400027z,0.3333333333333333,0.31261826678137616,40.0,22.0,2.0010984160356733,0.9217416315670982
2314,01_19_A0119158050001400035z,0.3333333333333333,0.1158699722530908,35.0,25.0,1.7328758131759612,0.7501312711082043
2315,01_19_A0119158050001400045z,1.0,0.06984663481451425,23.0,14.0,0.09292788178718013,0.6420612772943041
2316,01_19_A0119158050001500027z,0.3333333333333333,0.30585142445658275,36.0,23.0,2.0009783598153557,0.9306821147369916
2317,01_19_A0119158050001500033z,0.6666666666666666,0.3633379212384253,29.0,17.0,1.4144632926640142,0.6462307303626628
2318,01_19_A0119158050001600036z,0.5,0.2782098952578054,30.0,17.0,1.7328051481841376,0.7437690185615818
2319,01_19_A0119158050002000027z,0.3333333333333333,0.2393630073498495,37.0,21.0,1.7340977554647514,0.8664191562717818
2320,01_19_A0119158050003300026a,0.5,0.31492112022552565,35.0,19.0,1.7356621646550752,0.90594103791023
2321,01_19_A0119158050003300026b,0.5,0.2381979437525188,38.0,20.0,1.7357133755181717,0.868138759143359
2322,01_19_A0119158050003300035z,0.8333333333333334,0.2513926089358204,26.0,12.0,1.0076880661165593,0.8584609548322677
2323,01_19_A0119158050003400043z,0.6666666666666666,0.18395787152699286,26.0,6.0,1.00393987717186,0.5336512361496829
2324,01_19_A0119158050003500025z,0.5,0.33379272707045504,32.0,18.0,1.7389111690410208,0.9978222019717324
2325,01_19_a0119158050005000032z,0.8333333333333334,0.2384530225275597,22.0,12.0,1.0063534791694646,0.7645792092495417
2326,01_19_A0119158050005000034B,0.8333333333333334,0.2436190243885319,24.0,12.0,1.0028318184744658,0.7018141746833038
2327,01_19_A0119158050005100033z,0.6666666666666666,0.35294130120166123,25.0,16.0,1.41582403815878,0.7255811902502389
2328,01_19_a0119158050005200033z,0.6666666666666666,0.22058689689785216,22.0,16.0,1.4150322545105871,0.7065545521606243
2329,01_19_a0119158050005500032z,0.6666666666666666,0.1727327773015911,29.0,10.0,1.0115374637752836,0.7947454613066676
2330,01_19_A0119158050005700033a,0.6666666666666666,0.2021475744138004,23.0,16.0,1.414811741360389,0.7165158811034256
2331,01_19_a0119158050005700033B,0.8333333333333334,0.2534104516837143,27.0,11.0,1.0031732692201736,0.6624369846665676
2332,01_19_A0119158050005700038z,0.6666666666666666,0.17081662749993545,25.0,16.0,1.4148802955678912,0.6559405544800848
2333,01_19_A0119158050005800024z,0.5,0.2208037578264878,23.0,16.0,1.7326697637656785,0.7126455753807748
2334,01_19_A0119158050005800034z,0.6666666666666666,0.20610046105724966,24.0,15.0,1.4144633566943223,0.6249093044992828
2335,01_19_A0119158050006000022z,0.3333333333333333,0.5563946787436765,36.0,16.0,1.7334313955571474,0.8511053637864948
2336,01_19_A0119158050006000031z,0.5,0.2465859737284596,32.0,15.0,1.4155994405494372,0.8625055457801201
2337,01_19_A0119158050006700063z,0.6666666666666666,0.3134438288722147,31.0,13.0,1.0023100732833716,0.7698844817284424
2338,01_19_A0119158050006800024z,0.5,0.395416339435628,28.0,14.0,1.4145215504214441,0.6900918169545803
2339,01_19_A0119158050006800032A,0.5,0.4082151277160275,29.0,14.0,1.4143666644817317,0.6259430204935233
2340,01_19_a0119158050007100026z,0.3333333333333333,0.3060831349254399,36.0,23.0,2.00088922390186,0.9305359282676509
2341,01_19_a0119158050007100034z,0.6666666666666666,0.3627992387883629,29.0,17.0,1.4144704160737007,0.6461216687195577
2342,01_19_A0119158050007800026z,0.6666666666666666,0.3558691768973941,29.0,17.0,1.4145584934004505,0.7917431688585888
2343,01_19_A0119158050007800032z,0.5,0.3129447257040621,29.0,14.0,1.4149123013090743,0.6568391021580003
2344,01_19_A0119158050007800045z,0.8333333333333334,0.24203646263114464,23.0,5.0,0.04950611738040472,0.4513115099611118
2345,01_19_A0119158050008100032B,0.6666666666666666,0.2711444770958756,23.0,12.0,1.4150403461414582,0.6389486539875384
2346,01_19_A0119158050008100038z,0.8333333333333334,0.1637349491944552,14.0,10.0,1.0012331567447217,0.6553032387752183
2347,01_19_A0119158050008100044z,0.8333333333333334,0.12191402561584402,18.0,10.0,1.0002990410076775,0.6722156410492601
2348,01_19_A0119158050008100049z,0.8333333333333334,0.12539985438120946,17.0,10.0,1.0005214071422226,0.6755009511995717
2349,01_19_A0119158050008600031z,0.6666666666666666,0.2872237718680605,27.0,15.0,1.414380799365636,0.7144614179185411
2350,01_19_A0119158050010400056z,0.6666666666666666,0.39842109394846026,33.0,24.0,1.005369686873671,0.8892824413478689
2351,01_19_A0119158050010700031z,0.8333333333333334,0.5379777943089344,27.0,13.0,1.0055620204262916,0.8271621596535783
2352,01_19_A0119158050011500032z,0.5,0.13746350023278886,35.0,14.0,1.416112704858996,0.6389134009526591
2353,01_19_A0119158050011500056z,0.6666666666666666,0.21787328458620406,30.0,12.0,1.0004899736559547,0.6048427383548146
2354,01_19_a0119158050012700032A,0.6666666666666666,0.2974855961923848,32.0,12.0,1.0054548025796193,0.5934393370639474
2355,01_19_a0119158050013000032E,0.6666666666666666,0.1674729516837143,25.0,17.0,1.41523040169172,0.7688830414975497
2356,01_19_a0119158050013200031z,0.5,0.165596146051052,32.0,18.0,1.7331037548792143,0.8180743634538666
2357,01_19_A0119158070000100028z,0.6666666666666666,0.32319005365471004,25.0,16.0,1.4208468795940008,0.9078180625392944
2358,01_19_A0119158070000100032z,0.8333333333333334,0.25750507544940626,26.0,13.0,1.0128417533714995,0.8738972386392928
2359,01_19_A0119158070000100038z,0.8333333333333334,0.26614457677490905,20.0,12.0,1.0003666534049962,0.7081362265726172
2360,01_19_A0119158070000100042z,1.0,0.12120054946341285,24.0,13.0,0.1588555777834494,0.7144445474868868
2361,01_19_A0119158070000300020z,0.5,0.2214335633517748,35.0,21.0,1.7355390346504953,0.8483871587111923
2362,01_19_A0119158070000400020z,0.3333333333333333,0.21159773714094854,36.0,22.0,2.0008236844042466,0.8507102331789927
2363,01_19_A0119158070000400027A,0.5,0.22568392887357824,30.0,17.0,1.736560286611468,0.8480104206314528
2364,01_19_a0119158070000400038A,0.6666666666666666,0.08893296461343747,24.0,12.0,1.4144854094373265,0.7068692730891952
2365,01_19_A0119158070000400055A,0.6666666666666666,0.3947940413997528,34.0,16.0,0.1433785200788356,0.6976254097337604
2366,01_19_A0119158070000400055C,0.8333333333333334,0.434478585942186,31.0,17.0,0.16874611719994168,0.7511289790133509
2367,01_19_A0119158070000500020z,0.5,0.24130892887357824,35.0,19.0,1.7344972334778723,0.8410574920042364
2368,01_19_A0119158070000500027z,0.3333333333333333,0.3069036488218603,36.0,21.0,1.7348311180109706,0.9165637454918132
2369,01_19_A0119158070000600020z,0.3333333333333333,0.2029223672540904,36.0,22.0,2.0008670414235747,0.8514470533239252
2370,01_19_A0119158070000600027A,0.5,0.09713763045362678,28.0,15.0,1.7364691192256192,0.7641026063700317
2371,01_19_a0119158070000800027z,0.3333333333333333,0.2834637478309389,34.0,22.0,2.000922263287074,0.8575300289666007
2372,01_19_a0119158070000800042z,0.8333333333333334,0.2713719912200091,19.0,7.0,1.000423979835469,0.6984423820680401
2373,01_19_A0119158070000900024z,0.6666666666666666,0.31904065772611045,29.0,16.0,1.4179996001667663,0.9347821430349856
2374,01_19_A0119158070000900025z,0.3333333333333333,0.3467191251698443,36.0,21.0,2.0009034056575525,0.9334717884715892
2375,01_19_A0119158070000900032z,0.8333333333333334,0.21245758562579695,28.0,14.0,1.0060312859357663,0.8405360827272342
2376,01_19_A0119158070001000020z,0.5,0.2432227371409485,37.0,21.0,1.7354876755225568,0.8716950299771404
2377,01_19_A0119158070001000055z,0.5,0.1881707249921255,46.0,25.0,0.15751936259036736,0.73860348919438
2378,01_19_A0119158070001200033z,0.6666666666666666,0.2323685104358573,27.0,12.0,1.4164810925360949,0.8644147057560484
2379,01_19_A0119158070001200044z,1.0,0.2149531369255824,10.0,7.0,0.08245038220358822,0.5866470276562116
2380,01_19_A0119158070001400020z,0.5,0.2714132133314248,36.0,23.0,1.7343477754848198,0.93434205421006
2381,01_19_A0119158070001600033z,0.6666666666666666,0.4187617923870024,29.0,16.0,1.4222831558110016,0.8474630809397125
2382,01_19_A0119158070001800035z,0.8333333333333334,0.21967481008635187,24.0,14.0,1.0042162712592968,0.7373840171542395
2383,01_19_A0119158070001900039z,0.5,0.2524240112456317,28.0,15.0,1.7327081363745878,0.8315136965509209
2384,01_19_A0119158070003200033z,0.8333333333333334,0.3456044468185029,23.0,11.0,1.0063397844757551,0.6237691760813828
2385,01_19_A0119158070003700042z,1.0,0.3031789153018681,22.0,9.0,0.1509626345890149,0.735387720387251
2386,01_19_A0119158070003800021z,0.5,0.3793497212679327,36.0,22.0,1.7348381656767826,0.940228755196124
2387,01_19_A0119158070003800025z,0.3333333333333333,0.33983502314296266,36.0,21.0,2.0006219734299875,0.9298397631181552
2388,01_19_A0119158070003900044z,0.8333333333333334,0.26347073684574235,17.0,8.0,0.08191755324155922,0.6068350527740304
2389,01_19_A0119158070004300020z,0.6666666666666666,0.23127760803296735,34.0,19.0,1.4176475779148523,0.8646907417347708
2390,01_19_a0119158070005200021B,0.3333333333333333,0.08780733037348998,38.0,23.0,2.000114274221045,0.635683812256098
2391,01_19_a0119158070005200021D,0.3333333333333333,0.3461425375123506,39.0,23.0,2.0011068947375987,0.8781632605506116
2392,01_19_a0119158070005200021E,0.3333333333333333,0.22899123148385536,41.0,23.0,2.001312111579483,0.8547041192966297
2393,01_19_A0119158070005200021z,0.3333333333333333,0.3690994351555776,43.0,23.0,2.001595412696478,0.9435568201643556
2394,01_19_a0119158070005300034z,0.6666666666666666,0.19615329877065368,21.0,16.0,1.414834420205607,0.692507065168176
2395,01_19_a0119158070005600020z,0.3333333333333333,0.2397869779316044,39.0,21.0,1.7329447944303318,0.8375849558609179
2396,01_19_a0119158070005700031B,0.6666666666666666,0.28906138962321803,41.0,16.0,1.004756344954226,0.6854985873980571
2397,01_19_A0119158070006100033A,0.6666666666666666,0.2550451859928283,27.0,12.0,1.4149836231047774,0.5794212895325828
2398,01_19_A0119158070006200021z,0.3333333333333333,0.3096235427804249,43.0,24.0,2.0019814347738336,0.9096316709517904
2399,01_19_A0119158070006200025A,0.6666666666666666,0.18901666284375973,29.0,16.0,1.419472060956318,0.8352400040269721
2400,01_19_a0119158070006200025b,0.3333333333333333,0.27059745087689724,36.0,21.0,2.0006221412672125,0.8444055360311022
2401,01_19_a0119158070006200025c,0.3333333333333333,0.1589195915194876,31.0,18.0,2.0004835751338947,0.8311331108639426
2402,01_19_a0119158070006300025a,0.5,0.3657982112936739,30.0,18.0,1.7321110983015848,0.7968577178169052
2403,01_19_a0119158070006300025b,0.3333333333333333,0.2695403271756872,36.0,21.0,2.0005909131332764,0.8424858426032138
2404,01_19_a0119158070006300025c,0.3333333333333333,0.1592293579626296,31.0,18.0,2.0006283026609366,0.8345204766164229
2405,01_19_a0119158070006300032a,0.6666666666666666,0.22915722317651174,23.0,16.0,1.4145404155903942,0.6894257437569951
2406,01_19_a0119158070006600032z,0.6666666666666666,0.186408634576846,29.0,14.0,1.415209622956192,0.6698326233072918
2407,01_19_A0119158070006800021A,0.3333333333333333,0.27988263742584885,38.0,21.0,2.0013683324287457,0.9099977754199272
2408,01_19_a0119158070006800021b,0.3333333333333333,0.10828363457684598,34.0,21.0,2.0002855842357365,0.7090391088681933
2409,01_19_A0119158070006800025z,0.5,0.2705049223834666,26.0,17.0,1.7332447164272282,0.9124141434210946
2410,01_19_A0119158070007200032A,0.5,0.23554474132160946,34.0,14.0,1.4144084904726573,0.6159135266664268
2411,01_19_A0119158070007200032B,0.5,0.2279872244488978,34.0,14.0,1.4144149667925827,0.6153072478737446
2412,01_19_A0119158070007800031z,0.6666666666666666,0.5011047976023646,31.0,14.0,1.4158727953018142,0.7995304259172671
2413,01_19_A0119158070007800042z,0.6666666666666666,0.15254094176473898,31.0,18.0,0.09064291125313066,0.29708441885248354
2414,01_19_A0119158070007900041z,0.8333333333333334,0.18311173878836284,24.0,15.0,1.0152973557655531,0.8573204980262399
2415,01_19_A0119158070008700032z,0.6666666666666666,0.24293463172784316,27.0,12.0,1.4165065135429598,0.8914660585316523
2416,01_19_A0119158070009700023z,0.6666666666666666,0.4744617811918114,27.0,13.0,1.4155997493423351,0.8461045977462092
2417,01_19_A0119158070010000023z,0.6666666666666666,0.2947252247031376,27.0,14.0,1.415976217346684,0.815623736763172
2418,01_19_A0119158070010000032z,0.5,0.25056864909063403,28.0,15.0,1.7340534458159431,0.8652048873914746
2419,01_19_a0119158070010400033A,0.5,0.243077196547662,30.0,14.0,1.4149520584634077,0.674531287673529
2420,01_19_a0119158070010400033B,0.5,0.319590614633826,32.0,14.0,1.4163023604881264,0.7743686051637131
2421,01_19_a0119158070010400043z,0.6666666666666666,0.2932750698765953,46.0,30.0,1.0043334379407454,0.4814617106404782
2422,01_19_a0119158070010700023z,0.6666666666666666,0.2642204092764969,21.0,13.0,1.4195917872842057,0.6548963302429686
2423,01_19_a0119158070010700032z,0.6666666666666666,0.2769342426892001,26.0,15.0,1.0018530396811365,0.4702287473724336
2424,01_19_a0119158070011600033B,0.3333333333333333,0.2793070394665299,36.0,17.0,1.4153849125357958,0.7600546291716341
2425,01_19_a0119158070011600042z,0.5,0.3073157990240161,54.0,29.0,1.0054883466955675,0.5020998552971897
2426,01_19_A0119158090000400018z,0.3333333333333333,0.14844976827230771,45.0,27.0,1.7341128236818484,0.7844818842638961
2427,01_19_A0119158090000400022z,0.3333333333333333,0.13655106108802045,40.0,21.0,1.7336375548022547,0.7399376139955033
2428,01_19_A0119158090000400025z,0.3333333333333333,0.1431535121597597,37.0,21.0,1.732710422816129,0.8200374753547366
2429,01_19_A0119158090002400025z,0.5,0.3067873629912887,32.0,19.0,1.7378643947473962,0.9480745658158174
2430,01_19_A0119158090002400032z,0.5,0.18099610355947626,30.0,19.0,1.7367799357568676,0.8462611167254848
2431,01_19_A0119158090003400011z,0.3333333333333333,0.19221521834395605,51.0,29.0,2.0057221043669697,0.9980113926551428
2432,01_19_a0119158090004200022z,0.3333333333333333,0.19669130120166126,36.0,21.0,2.000172918206917,0.8170639257272994
2433,01_19_A0119158090004700024z,0.6666666666666666,0.289216429801499,25.0,13.0,1.4160178856800016,0.8992322732069972
2434,01_19_A0119158090004700030z,0.6666666666666666,0.22800199246009745,23.0,13.0,1.4153771939263304,0.6645408521219747
2435,01_19_A0119158090004700032z,0.6666666666666666,0.2775189592012012,25.0,13.0,1.4166516314187787,0.8913488656784152
2436,01_19_A0119158090004800022z,0.6666666666666666,0.340527174705448,25.0,13.0,1.4152283677001083,0.913557790475568
2437,01_19_A0119158090005500033z,0.6666666666666666,0.196202196547662,27.0,14.0,1.4166216126921365,0.6434602718805191
2438,01_19_A0119158090006600031A,0.6666666666666666,0.19747479113155889,25.0,16.0,1.4163828008859911,0.8619079828044812
2439,01_19_A0119158090006800028z,0.8333333333333334,0.5962078230276711,21.0,12.0,1.0059919233345818,0.8234188950220126
2440,01_19_A0119158090006800031z,0.6666666666666666,0.2600262478309389,23.0,13.0,1.4164789746296869,0.8931297584195308
2441,01_19_A0119158090007600022z,0.5,0.4253892152888941,35.0,15.0,1.4148595865040243,0.7727608980522898
2442,01_19_A0119158090007600032z,0.6666666666666666,0.2425945641282565,30.0,11.0,1.0011853154170816,0.6371296830844229
2443,01_19_A0119158090007600034z,0.6666666666666666,0.2445754351392079,29.0,16.0,1.0077357704600591,0.4807695200102381
2444,01_19_A0119158090008000031A,0.6666666666666666,0.24276795677919136,38.0,15.0,1.0043009837093129,0.790697899105502
2445,01_19_a0119158090011500030z,0.6666666666666666,0.2641011828824023,23.0,15.0,1.4146293054040908,0.6919994833280713
2446,01_19_a0119158090011500032z,0.8333333333333334,0.3975220876998158,23.0,12.0,1.001077201865333,0.525082702761397
2447,01_19_a0119158090011600023A,0.6666666666666666,0.33283052016376224,27.0,16.0,1.4152757777024334,0.7379558565288838
2448,01_19_a0119158090011600032B,0.6666666666666666,0.20266759008212495,32.0,18.0,1.4157021698891727,0.70316278074616
2449,01_19_a0119158090013300028z,0.6666666666666666,0.3408057020124906,29.0,15.0,1.4145212286592193,0.7685342052808343
2450,01_19_a0119158090013500025z,0.5,0.4749602242410518,31.0,15.0,1.4167440693614866,0.7642980294924767
2451,01_19_a0119158090013500031z,0.5,0.15193424268920008,35.0,15.0,1.415061921025886,0.6843858482910226
2452,01_19_A0119158094000100023z,0.6666666666666666,0.36424546461343743,25.0,14.0,1.4150633330919902,0.7191301642128418
2453,01_20_a0120150010000300050z,0.6666666666666666,0.1314949722530908,38.0,15.0,0.10900958980649858,0.7230074585705185
2454,01_20_a0120150010000300060z,0.3333333333333333,0.12221422979369413,67.0,35.0,0.11174185651189814,0.6855388500300498
2455,01_20_A0120150010001700031z,0.5,0.15955423897245036,32.0,21.0,1.420967483364049,0.7089594923634595
2456,01_20_A0120150010001700050z,0.5,0.2038009491536773,42.0,23.0,0.10328222880254836,0.6157429033715688
2457,01_20_A0120150010001700065z,0.5,0.4445297274990753,63.0,29.0,0.0946281057138203,0.6924109558544977
2458,01_20_A0120150010002500054z,0.5,0.2026634160691956,54.0,23.0,1.0044328725356888,0.8298038272807068
2459,01_20_A0120150010003200057B,0.5,0.5804522519970302,29.0,21.0,1.4230168982290146,0.9494201949925312
2460,01_20_A0120150010003300046A,0.5,0.3632812667626474,39.0,23.0,1.4151883027140502,0.9031917408619984
2461,01_20_A0120150010003300061A,0.5,0.10027565096023484,35.0,26.0,1.4184734708377853,0.7194190456479175
2462,01_20_A0120150010003400051z,0.5,0.2985091221174744,35.0,19.0,1.4164368600568096,1.0044500217310697
2463,01_20_A0120150010003400063z,0.3333333333333333,0.7909768562790981,64.0,32.0,1.4210317378809807,1.007038421294468
2464,01_20_a0120150020000200032z,0.8333333333333334,0.19272187625940584,26.0,14.0,1.0060297788427903,0.822308785251164
2465,01_20_a0120150020000200042z,0.8333333333333334,0.20489247462017274,17.0,12.0,1.0006204877548648,0.7023272889240498
2466,01_20_A0120150020000300026z,0.3333333333333333,0.32686141873298835,36.0,23.0,2.0006889636842247,0.9291923994067042
2467,01_20_a0120150020000800025z,0.16666666666666666,0.22648609184180324,45.0,26.0,1.733675309603511,0.8789819687693747
2468,01_20_a0120150020000800030z,0.5,0.1370692852974572,25.0,13.0,1.4147980530945845,0.658162288723737
2469,01_20_a0120150020000800035a,0.6666666666666666,0.12952386007239058,25.0,11.0,1.0018473951459197,0.67893090636472
2470,01_20_A0120150020001300024z,0.5,0.253812819300573,30.0,18.0,1.7331315494784425,0.887435456953769
2471,01_20_A0120150020001300032z,0.6666666666666666,0.1191573423041984,25.0,11.0,1.415704729684243,0.7681337844281914
2472,01_20_A0120150020001300047z,0.8333333333333334,0.04257671528889406,32.0,14.0,0.08061112339802573,0.7341557801699606
2473,01_20_A0120150020001300058z,0.6666666666666666,0.35247258507282203,48.0,20.0,0.05570720671217967,0.7013863505466115
2474,01_20_A0120150020002300030z,0.6666666666666666,0.24927811463382601,25.0,14.0,1.4163564859618945,0.8582831152057536
2475,01_20_A0120150040001600035z,0.6666666666666666,0.2797456100045395,27.0,15.0,1.4145577171236965,0.7361250641040662
2476,01_20_A0120150040001700027z,0.3333333333333333,0.2220961221538684,36.0,21.0,2.0004587680628707,0.8596224573979202
2477,01_20_A0120150040001700034z,0.8333333333333334,0.23119650687168206,26.0,13.0,1.0083700951361017,0.847133460546783
2478,01_20_A0120150040001800026z,0.5,0.32147642445658275,35.0,18.0,1.734715666669172,0.9257213484594472
2479,01_20_A0120150040002500026z,0.3333333333333333,0.333726177507921,38.0,23.0,1.7358332122205886,0.9797969963157496
2480,01_20_A0120150040002500032z,0.8333333333333334,0.22918759863050356,26.0,13.0,1.0249230983844952,0.8513249063292322
2481,01_20_A0120150040002600024z,0.3333333333333333,0.2559594846701489,37.0,19.0,1.7349879545246352,0.9428756073715084
2482,01_20_A0120150040002600027z,0.5,0.4756254762310136,30.0,16.0,1.7367792642277669,0.8698269304287789
2483,01_20_A0120150040002700024z,0.5,0.42893819388332616,26.0,18.0,1.7321742394765154,0.7486718476950105
2484,01_20_A0120150040002700032A,0.6666666666666666,0.19840683896695127,25.0,16.0,1.4158294698387968,0.6923590960934505
2485,01_20_A0120150040002700032B,0.6666666666666666,0.2122243162660496,25.0,16.0,1.4147580927580492,0.6808938059958296
2486,01_20_A0120150040002700033z,0.8333333333333334,0.2704471442885772,23.0,12.0,1.0056460143976127,0.5185908869132576
2487,01_20_a0120150040003400031z,0.6666666666666666,0.2782943806934464,27.0,13.0,1.0034558896193533,0.6497920830203447
2488,01_20_a0120150040003400035z,0.6666666666666666,0.19667856043412124,24.0,13.0,1.0008161964678493,0.6364943956153326
2489,01_20_a0120150040003400041z,0.6666666666666666,0.10165732141483863,22.0,10.0,0.04884008492958477,0.20476942888830452
2490,01_20_a0120150040003400049z,0.6666666666666666,0.2740977371409485,26.0,15.0,0.057717759026135684,0.6626042284959824
2491,01_20_A0120150040003800033z,0.6666666666666666,0.30039119391534497,25.0,17.0,1.4146275648912954,0.710226581910608
2492,01_20_A0120150040004100030z,0.6666666666666666,0.20976915881098065,25.0,14.0,1.4158916648741229,0.6753174192971906
2493,01_20_a0120150040005500034z,0.5,0.2506105961923848,30.0,16.0,1.4145649801233084,0.6659791851368664
2494,01_20_a0120150041000000021z,0.3333333333333333,0.14766818484598987,37.0,21.0,1.733098558382201,0.8052332816713778
2495,01_20_a0120150041000000028A,0.3333333333333333,0.22188940380761524,32.0,22.0,1.7335739624397009,0.8504542055873049
2496,01_20_A0120150044000100024a,0.6666666666666666,0.2616610812012031,29.0,16.0,1.4159993594123224,0.7802947964027019
2497,01_20_A0120150044000100024b,0.3333333333333333,0.4006516187913286,31.0,19.0,2.0010319638558225,0.9314240000560416
2498,01_20_A0120150044000100024c,0.3333333333333333,0.2293269038076152,38.0,20.0,2.0001769512227043,0.7517273683181601
2499,01_20_A0120150044000100024d,0.3333333333333333,0.4981644473616221,33.0,23.0,2.0013101171385927,0.9946057486250612
2500,01_20_A0120150044000100032z,0.6666666666666666,0.2659827136667702,25.0,14.0,1.4159269624324091,0.8780475852594394
2501,01_20_A0120150044000100042z,0.8333333333333334,0.1867671382484596,15.0,5.0,1.0006744832224117,0.5903040571224013
2502,01_20_A0120150045000100024z,0.3333333333333333,0.2628387708962228,38.0,19.0,2.00056383978838,0.8204318167143448
2503,01_20_A0120150045000100032z,0.6666666666666666,0.1468579115595532,27.0,13.0,1.4153374913022505,0.8136774147967991
2504,01_20_A0120150045000100048z,1.0,0.2464016997959884,15.0,10.0,0.03936644866723776,0.4426804842254477
2505,01_20_A0120150050000100025z,0.5,0.3067873629912887,26.0,16.0,1.7330277302504673,0.9077286339269944
2506,01_20_A0120150050000100033z,0.8333333333333334,0.1867671382484596,24.0,14.0,1.0059258437049956,0.5994181573512626
2507,01_20_A0120150050000300025z,0.3333333333333333,0.40716627677178463,37.0,19.0,1.7345620954216892,1.018111839757653
2508,01_20_A0120150050000400021z,0.3333333333333333,0.3529110756342406,37.0,19.0,1.735244657948423,0.9830125092366074
2509,01_20_a0120150050000400027z,0.16666666666666666,0.24130892887357824,44.0,22.0,1.735254235935666,0.8754647309979813
2510,01_20_a0120150050000500034z,0.6666666666666666,0.33280932068741065,29.0,14.0,1.422642880992718,0.8318315921414838
2511,01_20_A0120150050000600026z,0.5,0.33379272707045504,33.0,18.0,1.7361226739025732,0.922634980565498
2512,01_20_A0120150050001900033z,0.6666666666666666,0.18579928752854544,30.0,15.0,1.0108421601235766,0.8040801427685441
2513,01_20_A0120150051000100032z,0.6666666666666666,0.191486204599172,31.0,14.0,1.0070600960207627,0.8284895480531453
2514,01_20_A0120150051000100042z,0.8333333333333334,0.2001346442885772,28.0,8.0,0.09119388651175113,0.5868164209742058
2515,01_20_A0120150070000100022z,0.3333333333333333,0.3770019440005412,41.0,21.0,1.7337884498256495,0.9440673299647666
2516,01_20_A0120150070000100028z,0.3333333333333333,0.3467191251698443,42.0,21.0,1.7339949416189646,0.9468383233404248
2517,01_20_A0120150070000100035z,0.3333333333333333,0.2220961221538684,35.0,20.0,1.7340816720233876,0.84944759780185
2518,01_20_a0120150070003200034z,0.5,0.2230571667689255,30.0,14.0,1.4146154496012258,0.5972900179845404
2519,01_20_A0120150080000200017z,0.5,0.6225588598745608,46.0,27.0,1.7398298356579531,1.2583436616300758
2520,01_20_A0120150080000200033z,0.8333333333333334,0.4387572198995693,28.0,14.0,1.0064066504904032,0.7665204266264409
2521,01_20_A0120150080000200048z,1.0,0.2486824722530908,27.0,9.0,0.11001816410808762,0.67626342549197
2522,01_20_A0120150080000300024z,0.3333333333333333,0.3690994351555776,37.0,22.0,1.7346930501713589,0.9606823506575524
2523,01_20_A0120150080000300033z,0.8333333333333334,0.22188940380761524,24.0,13.0,1.0056673579390532,0.8215835351734816
2524,01_20_a0120150090000100024z,0.6666666666666666,0.3176508344860813,28.0,16.0,1.420534657507572,0.9285452804399864
2525,01_20_A0120150090001000047z,0.8333333333333334,0.4036667084168337,21.0,7.0,0.10057287506441802,0.5815311469635627
2526,01_20_A0120150090001000056z,0.6666666666666666,0.2646567230847237,30.0,6.0,0.1158682620431968,0.6619200993482177
2527,01_20_A0120150090001200034z,0.6666666666666666,0.5283752066796779,27.0,11.0,1.4210461779966062,0.8237385293921836
2528,01_20_a0120150090001900033z,0.5,0.2699073094429024,38.0,15.0,1.0033823308332368,0.6351925838720208
2529,01_20_A0120150094000100024z,0.6666666666666666,0.32141010316452834,25.0,16.0,1.4232997974772357,0.9105993877018492
2530,01_20_A0120150094000100033z,0.8333333333333334,0.2241660750137476,21.0,15.0,1.00781803850951,0.6890135411942996
2531,01_20_A0120150096000100023z,0.3333333333333333,0.2632357654790849,36.0,16.0,1.7341540828895796,0.8786610119560058
2532,01_20_A0120150096000300018z,0.5,0.1727327773015911,40.0,20.0,1.7338097162453845,0.8694394893566532
2533,01_20_A0120150100001000024z,0.6666666666666666,0.5153372343861276,33.0,14.0,1.0145982240683995,0.7797609035251261
2534,01_20_A0120150100003500031A,0.6666666666666666,0.30686949087929183,27.0,15.0,1.414526873372454,0.7253950776831215
2535,01_20_A0120150104000100026z,0.5,0.22455601043585727,33.0,19.0,1.7324708530538293,0.883607653888963
2536,01_20_A0120150104000100043z,0.8333333333333334,0.2271730961923848,21.0,9.0,1.00102300743496,0.7106697053952672
2537,01_21_A0121140010000600027z,0.3333333333333333,0.19596690460359967,39.0,24.0,2.0006028787207613,0.7770790259837349
2538,01_21_A0121140010000600032b,0.5,0.10587882001168668,25.0,15.0,1.7323824130392176,0.6471974682593813
2539,01_21_A0121140010000600034z,0.6666666666666666,0.24016238430900794,25.0,15.0,1.415800505976757,0.8315982326466923
2540,01_21_A0121140010000900031z,0.6666666666666666,0.2406789153018681,27.0,13.0,1.0012328867543083,0.6290662001863202
2541,01_21_A0121140010000900042z,0.8333333333333334,0.3778506379848304,23.0,13.0,0.07694339746407639,0.5193719371075104
2542,01_21_a0121140011000100038z,0.6666666666666666,0.15567532334784506,34.0,17.0,1.0021316067335997,0.637742383802917
2543,01_21_A0121140012000100034a,0.6666666666666666,0.27967786534607675,33.0,21.0,1.4199681821482233,0.8436862310691107
2544,01_21_A0121140012000100035z,0.6666666666666666,0.2830947609504724,33.0,21.0,1.4199287595083716,0.8371669984850864
2545,01_21_A0121140012000100051z,0.6666666666666666,0.36684707671827793,48.0,27.0,1.0093896586330808,0.9102316227147162
2546,01_21_A0121140013000200034B,0.6666666666666666,0.3715920892296101,29.0,12.0,1.0034232250230584,0.7166449003883357
2547,01_21_A0121140013000200034C,0.6666666666666666,0.3247170892296101,25.0,13.0,1.0041798367407415,0.7290814051849738
2548,01_21_A0121140030000200025z,0.5,0.2718019402507639,35.0,18.0,1.7360674609210942,0.8865541315262107
2549,01_21_A0121140030000200033A,0.6666666666666666,0.16065893873382125,26.0,15.0,1.0133498354846973,0.8148787134371721
2550,01_21_A0121140030000200033B,0.8333333333333334,0.18458075143863745,26.0,15.0,1.0061642162848516,0.6517957166150693
2551,01_21_A0121140030000200040z,0.5,0.2726190324107194,37.0,14.0,1.003625976418616,0.6821023671031134
2552,01_21_A0121140030000200043z,0.5,0.28894984336805474,37.0,14.0,1.0046247939004311,0.6948065659585106
2553,01_21_A0121140030000500024A,0.5,0.33841673499732583,28.0,17.0,1.7334145855560723,0.9327687586394025
2554,01_21_A0121140030000600018z,0.5,0.33379272707045504,40.0,21.0,1.737688531454603,0.9524664453581941
2555,01_21_A0121140030000600025z,0.3333333333333333,0.11269784348278923,31.0,16.0,2.0003698796155973,0.8002357850594183
2556,01_21_a0121140030000700026z,0.3333333333333333,0.3125182737766554,40.0,26.0,1.7377034688551454,0.9213171038290314
2557,01_21_a0121140030000700043z,0.6666666666666666,0.11124483037348998,27.0,6.0,1.0059782483375608,0.5861507738392002
2558,01_21_A0121140030001000049z,0.5,0.11781338484209125,65.0,33.0,0.0933496990173929,0.679393787347013
2559,01_21_A0121140030001300032z,0.6666666666666666,0.11439305545918728,46.0,21.0,0.13608923560802885,0.7354765282554231
2560,01_21_A0121140030001400025z,0.3333333333333333,0.33983502314296266,34.0,18.0,1.735547550008718,0.9467892998072418
2561,01_21_A0121140030001400045z,1.0,0.2037355961923848,16.0,7.0,0.11600430935341274,0.4884720500777802
2562,01_21_A0121140030001700027z,0.3333333333333333,0.2966171126112269,38.0,20.0,1.736086486669124,0.5897792831886445
2563,01_21_A0121140030001700032z,0.5,0.3779630047808512,31.0,17.0,1.4188256453130057,0.5808060444308933
2564,01_21_a0121140030001700037z,0.6666666666666666,0.37587140029473465,33.0,21.0,1.0116829910375398,0.7125773256724671
2565,01_21_a0121140030002000025z,0.5,0.2670176089358204,35.0,18.0,1.737485519315633,0.904655320226618
2566,01_21_a0121140030002000028z,0.8333333333333334,0.20604401813268405,29.0,15.0,1.0084801478972238,0.8284329511490498
2567,01_21_a0121140030002000033A,0.5,0.12382652621080098,25.0,15.0,1.4149258045650914,0.7977125054891595
2568,01_21_a0121140030002000033B,0.6666666666666666,0.09083075143863743,23.0,16.0,1.4158411259806871,0.6760590316589703
2569,01_21_a0121140030002000043z,0.5,0.3696022900921669,37.0,14.0,1.00352396452339,0.680579123797291
2570,01_21_a0121140030004000051z,1.0,0.3663035309749935,23.0,9.0,0.11260755359990095,0.7761774144768011
2571,01_21_a0121140030004300050z,0.8333333333333334,0.14280080335614798,44.0,25.0,0.1204750062772186,0.6807240198694375
2572,01_21_a0121140030004300085z,0.16666666666666666,0.498293321718063,71.0,33.0,0.12600650410333686,0.6562282825482572
2573,01_21_a0121140030004600027z,0.5,0.6998366211221029,35.0,21.0,1.7361269083255864,0.982707090177826
2574,01_21_a0121140030004600065R,0.5,0.32561512435899365,37.0,13.0,0.09413203461379667,0.475757336663021
2575,01_21_a0121140030004600067M,0.8333333333333334,0.3365094410284589,32.0,20.0,0.07097135850218336,0.7248634647709615
2576,01_21_a0121140030004600079L,0.3333333333333333,0.36533448467014895,51.0,21.0,0.05859924839530275,0.7673435392554896
2577,01_21_A0121140030006300032A,0.5,0.2974855961923848,39.0,16.0,1.4149693458026165,0.6059777575316119
2578,01_21_A0121140030006300032B,0.5,0.2149649917967804,33.0,14.0,1.4147167859878569,0.5744797159119513
2579,01_21_a0121140040000100023z,0.5,0.22166901813268405,33.0,18.0,1.7340306454978502,0.8455758286529769
2580,01_21_a0121140040000100032z,0.8333333333333334,0.20810350302432531,26.0,13.0,1.0138997562201533,0.8133251638107881
2581,01_21_a0121140040000100043z,0.8333333333333334,0.199273428260696,24.0,10.0,0.11109178245443573,0.5604083301151704
2582,01_21_a0121140060000100023z,0.5,0.24275614909063406,26.0,17.0,1.7327772905737566,0.8764947574200425
2583,01_21_a0121140060000100032B1,0.5,0.2561158532017306,29.0,15.0,1.4148600967706402,0.7634144554360364
2584,01_21_A0121140070000500024a,0.5,0.3096770144270843,26.0,17.0,1.733354616677353,0.9219712845903644
2585,01_21_a0121140070000500033A,0.6666666666666666,0.2775189592012012,25.0,12.0,1.4159502238415094,0.8894216482379008
2586,01_21_A0121140100000200022z,0.5,0.18733366249072736,32.0,18.0,1.7331409788673708,0.806639510198817
2587,01_21_a0121140100000300033A,0.5,0.306221146051052,34.0,24.0,1.4177963196853478,0.9232004690629741
2588,01_21_a0121140100000800034z,0.5,0.3270190868047333,33.0,14.0,1.4165984486780965,0.8169192955562391
2589,01_21_a0121140100000800039z,0.5,0.4129362272399585,28.0,16.0,1.4218339885878244,0.9328671457078463
2590,01_21_a0121140100000800049z,0.6666666666666666,0.24635654139975285,35.0,17.0,1.0064017480003686,0.8064526844018515
2591,01_21_A0121140210000100024z,0.5,0.2551008920582679,33.0,18.0,1.7373248635158032,0.8641070569789666
2592,01_21_A0121140210002600051A,0.8333333333333334,0.2136496886177418,18.0,13.0,1.0056857795638288,0.5058485049430304
2593,01_21_a0121140210003400026A,0.5,0.16368611151639467,40.0,22.0,1.4161179802018122,0.8431795784369053
2594,01_21_a0121140210003400026B,0.5,0.3648564368228576,42.0,23.0,1.4163048563590697,1.0172579075804509
2595,01_21_A0121140220000400034z,0.6666666666666666,0.28607819436808724,28.0,16.0,1.0118622783235336,0.8503828907378541
2596,01_21_A0121140220000600033C,0.6666666666666666,0.1992277676502904,30.0,12.0,1.0040418714147616,0.6502739023072645
2597,01_21_A0121140220000600046A,0.5,0.3886905672921021,36.0,18.0,1.4175430600638572,0.7291268525098467
2598,01_22_A0122122010000500025z,0.3333333333333333,0.26582975203654063,34.0,21.0,2.000508878834377,0.8336780773761097
2599,01_22_a0122122010000900023z,0.3333333333333333,0.2397153259221145,34.0,21.0,2.000552974706886,0.8177394036287314
2600,01_22_A0122122030000100026z,0.3333333333333333,0.34323496955685073,36.0,23.0,2.000911936417845,0.9340717628187144
2601,01_22_a0122122040000200032A,0.6666666666666666,0.2727812043004929,23.0,15.0,1.4143272291055158,0.6781330798957068
2602,01_22_a0122122040003800033z,0.5,0.2388401420968209,57.0,26.0,1.0013735712150342,0.7312615351760169
2603,01_22_A0122122050000200032z,0.6666666666666666,0.2657461531189099,30.0,14.0,1.015225814076819,0.8646379632754114
2604,01_22_A0122122050002300032z,0.8333333333333334,0.2980627358320244,23.0,12.0,1.0002190768509691,0.4548697539451737
2605,01_22_A0122122050002500040z,0.8333333333333334,0.16846557192054012,30.0,7.0,0.11875236264920078,0.6958049618002833
2606,01_22_a0122122060000600024z,0.5,0.360776917555184,30.0,17.0,1.7323843482978625,0.8163832480398275
2607,01_22_A0122122060000600032z,0.6666666666666666,0.14656001191572332,25.0,14.0,1.4173591565991868,0.8126115484961489
2608,01_22_A0122122060000600033z,0.5,0.13632671528889406,38.0,21.0,1.0023719361498,0.6437222682228766
2609,01_22_A0122122060000600044z,1.0,0.09019091892841563,20.0,8.0,0.1014978205856756,0.7767258928341739
2610,01_22_A0122122080000500035z,0.5,0.4668155672921021,34.0,15.0,1.7332109963291105,0.8119149026467469
2611,01_22_a0122122080001400033z,0.8333333333333334,0.2489252671247431,25.0,15.0,1.0116800694133146,0.6950964948654145
2612,01_22_A0122122080001900023z,0.6666666666666666,0.13589969963128112,29.0,14.0,1.416999473362052,0.7904789565308147
2613,01_22_A0122122080001900032z,0.6666666666666666,0.12093107047428188,27.0,11.0,1.4169457451870362,0.7797889653690423
2614,01_22_A0122122080002100033b,0.6666666666666666,0.3029808217180629,25.0,14.0,1.4169410372725182,0.8791429909160798
2615,01_22_A0122122090000300025z,0.3333333333333333,0.3730005149187263,36.0,22.0,2.0010537341749357,0.92197995907301
2616,01_22_A0122122090000300032z,0.6666666666666666,0.2634464088033972,23.0,16.0,1.4146056245731982,0.759934951828647
2617,01_22_A0122122090000300042a,0.8333333333333334,0.17329052043480905,12.0,7.0,1.0002618893029236,0.4915093682643377
2618,01_22_A0122122090000600022z,0.6666666666666666,0.2744309228711507,25.0,15.0,1.4145983967808835,0.7431303025373821
2619,01_22_a0122122090002100039z,0.6666666666666666,0.3217372244488978,28.0,11.0,1.000923323165907,0.7505331331437299
2620,01_22_A0122122100000800033z,0.6666666666666666,0.15244551603206413,29.0,15.0,1.4158161210171718,0.7566685610217764
2621,01_22_a0122122120002800025A,0.6666666666666666,0.3506165259836561,27.0,14.0,1.0042094539737136,0.7084396758887722
2622,01_22_a0122122120003000063A,0.5,0.6656051723588521,75.0,43.0,0.1430109209788631,0.9946582111706876
2623,01_22_a0122122120003100032B1,0.5,0.2841116260298374,43.0,18.0,1.0118337910681523,0.8721482020949838
2624,01_22_a0122122120003100051A2,0.6666666666666666,0.5000423216750504,40.0,20.0,0.09935918244626442,0.7220176414017404
2625,01_22_a0122122120003200025C,0.8333333333333334,0.2654602784974415,22.0,13.0,1.0031525771572638,0.7209272148542204
2626,01_22_a0122122120003200035E2,0.5,0.6670921367825255,45.0,22.0,1.0107385384416463,0.8867924980242811
2627,01_22_a0122122120003400031B-,0.6666666666666666,0.4142135681530191,31.0,15.0,1.0064136358696152,0.8180540810214364
2628,01_22_a0122122120003500031B,0.5,0.3930490112456317,39.0,17.0,1.4165496258957229,0.9002924946098859
2629,01_22_a0122122120003500037A,0.6666666666666666,0.3557548391638158,51.0,27.0,0.07057812761154618,0.7029415219727485
2630,01_22_a0122122120003500037C,0.6666666666666666,0.260371942610276,31.0,18.0,1.0040273296299047,0.5285998438533974
2631,01_22_a0122122120003500061H,0.6666666666666666,0.39554430831359694,33.0,18.0,1.0006144682077445,0.8220983987412818
2632,01_22_a0122122120003600031G,0.6666666666666666,0.3943024677173896,37.0,22.0,1.004190290672455,0.7623350782091098
2633,01_22_a0122122120003700049A,0.8333333333333334,0.3085407625671659,26.0,13.0,1.0013417043915005,0.750255508699622
2634,01_22_a0122122120003800032A,0.6666666666666666,0.24811799053138395,25.0,17.0,1.4173126319556684,0.6625572179812922
2635,01_22_a0122122120004000032A,0.6666666666666666,0.24405733037349,25.0,14.0,1.4170352670097304,0.6699979505064872
2636,01_22_a0122122120004000038A,0.6666666666666666,0.2541498868224772,25.0,18.0,1.418783009773858,0.6725142443637211
2637,01_22_a0122122120004000038T,0.6666666666666666,0.31062970368745385,28.0,18.0,1.0075644736641118,0.8750938739515387
2638,01_22_a0122122120004000051PT,0.8333333333333334,0.4698661558291786,77.0,34.0,0.23064432897485826,0.9972187681127728
2639,01_22_a0122122120004400032A,0.6666666666666666,0.2544651420968209,28.0,16.0,1.4170842180690046,0.6684446486458497
2640,01_22_a0122122120004400033TB1,0.6666666666666666,0.4343106869364865,25.0,19.0,1.4154646850837802,0.8540749579388068
2641,01_22_a0122122120004400039A,0.6666666666666666,0.2493716076800525,25.0,15.0,1.4189915511727964,0.6867750204951854
2642,01_22_a0122122130000100025A,0.6666666666666666,0.3506165259836561,30.0,14.0,1.0048104712237165,0.7006843706281546
2643,01_22_a0122122130000100033B,0.8333333333333334,0.2320021857625024,24.0,17.0,1.0103851477294497,0.7070037173753759
2644,01_22_a0122122130000100040A,0.8333333333333334,0.3518152798183969,26.0,11.0,0.20779677807175065,0.6980136013552635
2645,01_22_a0122122130000100040A1,0.8333333333333334,0.34275549717370857,30.0,15.0,0.14400889544061268,0.6228155135887802
2646,01_22_a0122122130000200023C,0.5,0.2680129351392079,32.0,17.0,1.4169000981629818,0.7515019742309699
2647,01_22_a0122122130000200032A,0.6666666666666666,0.2718144848011357,27.0,16.0,1.0010144821736358,0.5309757358179251
2648,01_22_a0122122130000200032D,0.6666666666666666,0.20546701511130366,29.0,16.0,1.0022650721954391,0.8294466196282695
2649,01_22_a0122122130000200032E2,0.6666666666666666,0.6552583062466396,30.0,15.0,1.4210358043392748,0.9127251736745048
2650,01_22_a012212213000300025B,0.5,0.33379272707045504,28.0,16.0,1.7340606165466788,0.9375253677648776
2651,01_22_a012212213000300037E,0.6666666666666666,0.6413210240166745,40.0,25.0,1.0132394024432294,0.8967485642130121
2652,01_23_A0123110011000200029z,0.6666666666666666,0.1955288536683394,23.0,15.0,1.415680127419376,0.8679559170081741
2653,01_23_A0123110012000300033z,0.5,0.2139278135111192,29.0,14.0,1.4161595435460936,0.8420938675146493
2654,01_23_a0123110044000100039z,0.5,0.12070369391534495,26.0,15.0,1.4172506492255237,0.6984602361526765
2655,01_23_a0123110044000100048z,0.6666666666666666,0.3577681789754005,27.0,18.0,1.004261822010407,0.7776774573629113
2656,01_23_A0123110070000800055B,0.8333333333333334,0.16734855614176758,25.0,9.0,0.11789238625494047,0.7037779681888493
2657,01_23_A0123110140000100012A,0.3333333333333333,0.880435258078972,49.0,29.0,2.00581584476066,1.3662581305896857
2658,01_23_A0123110140000100015B,0.3333333333333333,0.5639420998860465,54.0,31.0,2.0125757753353497,1.3795921487886025
2659,01_23_a0123110140000100017b1,0.3333333333333333,0.931082251401198,49.0,29.0,2.006255613893505,1.394776538540921
2660,01_23_A0123110140000100017D,0.3333333333333333,0.5639420998860465,54.0,31.0,2.012966804459176,1.3776235416937612
2661,01_23_A0123110140000100025F,0.5,0.13503031891152611,43.0,24.0,1.7348443405718728,0.8840847332108833
2662,01_23_A0123110140000100035K,0.3333333333333333,0.2342131635987379,38.0,27.0,2.001274603418462,0.9054293822256398
2663,01_23_A0123110410000100041E,0.5,0.31261826678137616,36.0,18.0,1.005787107490544,0.9122367270723774
2664,01_23_A0123110520000100037B,0.8333333333333334,0.1902644038076152,25.0,13.0,1.0079723253253579,0.8118918285586404
2665,01_23_A0123110520000300032b,0.6666666666666666,0.2484696025444719,31.0,16.0,1.4145197249288508,0.6901893798936998
2666,01_24_a0124100014000300031A,0.5,0.7679402006203642,33.0,22.0,1.0072970762412952,1.1171832139891034
2667,01_24_a0124100014000300031B,0.3333333333333333,0.2262531086268923,41.0,24.0,1.415932149359885,0.8562582684579602
2668,01_24_a0124100014000300053z,0.5,0.23477485438120946,68.0,42.0,1.0056212067665395,0.9198186996213964
2669,01_24_a0124100014000300054z,0.6666666666666666,0.19882671528889406,62.0,36.0,1.005295443852969,0.9030714128514504
2670,01_24_a0124100014000300062z,0.6666666666666666,0.3427597682577431,52.0,39.0,1.0070685647143638,0.9957833418743596
2671,01_24_a0124100440001000032A,0.5,0.34136295702737485,28.0,17.0,1.416073999139034,0.7549739526094746
2672,01_24_a0124100450000400043z,0.8333333333333334,0.21596317635270545,19.0,10.0,0.11440657546010667,0.5975275852397017
2673,01_25_A0125131130000100025z,0.3333333333333333,0.349351177507921,36.0,21.0,2.000811841501811,0.9275237052508148
2674,01_25_A0125131130000100031z,0.5,0.4503306688678562,30.0,15.0,1.7335822859670311,0.8056054536812658
2675,01_25_a0125131130000100045z,0.8333333333333334,0.1490786734917977,28.0,11.0,1.0025885255906606,0.6171646802607027
2676,01_25_a0125131130000700032z,0.8333333333333334,0.2986078337614456,21.0,11.0,1.0121351451169738,0.7296178327415317
2677,01_25_a0125131130001300033z,0.5,0.2680494673075585,28.0,17.0,1.7333500701070752,0.6845069653613574
2678,01_25_a0125131130001400029z,0.3333333333333333,0.36769980136113206,36.0,21.0,2.001013434864846,0.9353763711399056
2679,01_25_A0125131130001600025z,0.3333333333333333,0.35546738545899137,36.0,21.0,2.0007822048093296,0.9258270461420691
2680,01_25_a0125131130001900026z,0.3333333333333333,0.4212114377059203,36.0,21.0,2.0014594424266154,1.0016754534043333
2681,01_25_A0125131130002400017z,0.3333333333333333,0.5409768562790981,45.0,24.0,2.0057598277420183,1.10813590992467
2682,01_25_A0125131130002400021z,0.16666666666666666,0.3069036488218603,47.0,25.0,2.0023107542562277,0.8922971220077217
2683,01_25_A0125131130002400025z,0.16666666666666666,0.30972802052231263,47.0,25.0,2.0023723970708165,0.9003442864719455
2684,01_25_A0125131130002500014z,0.3333333333333333,0.6560316632218413,45.0,24.0,2.006863791004971,1.1930403796006743
2685,01_25_A0125131130002500017z,0.3333333333333333,0.5795364626311446,45.0,24.0,2.007277192806053,1.163452238763823
2686,01_25_A0125131130002500022z,0.3333333333333333,0.3069036488218603,40.0,22.0,2.0019027451437266,0.9522320296801255
2687,01_25_A0125131130002800024z,0.3333333333333333,0.3591030260986369,36.0,21.0,2.001012790258601,0.9412910025610768
2688,01_25_A0125131130002800033z,0.6666666666666666,0.2889668815031193,25.0,15.0,1.4151804122279894,0.7513250323716559
2689,01_25_A0125131130003100028z,0.3333333333333333,0.29550763742584885,36.0,21.0,2.000789968654424,0.8905950946423142
2690,01_25_A0125131130003100032z,0.6666666666666666,0.2140189599949442,23.0,16.0,1.4147850926635468,0.7144292554168642
2691,01_25_A0125131130003200023A,0.3333333333333333,0.30120564312385456,36.0,21.0,2.0006007479581034,0.9201302945943224
2692,01_25_A0125131130003200032A,0.6666666666666666,0.23910186937235345,27.0,14.0,1.4159116289378033,0.8505646753679339
2693,01_25_A0125131130003200042z,0.8333333333333334,0.20804889600956944,12.0,5.0,1.0005339067499546,0.6052976020096213
2694,01_25_a0125131130003300025z,0.5,0.2841116260298374,33.0,20.0,1.7346363052899467,0.8865589835180708
2695,01_25_a0125131130003500025A,0.5,0.4660705884766048,35.0,20.0,1.7367909246745878,1.0546780305730672
2696,01_25_a0125131130003500032z,0.6666666666666666,0.14034612750168268,28.0,17.0,1.4172780232131896,0.8434721597711531
2697,01_25_A0125131130004200031A,0.5,0.276590956270142,39.0,15.0,1.0022429143682683,0.4594133885308238
2698,01_25_A0125131130004300023z,0.5,0.4033726197858512,29.0,17.0,1.4150889716154915,0.7581592160611113
2699,01_25_A0125131140000400038z,0.8333333333333334,0.0890266164512934,24.0,9.0,1.0016380697575458,0.7666167171414772
2700,01_25_a0125131140000600033z,0.6666666666666666,0.32970680277373765,29.0,17.0,1.4147395917316852,0.7705273094255276
2701,01_25_a0125131140000600045z,1.0,0.3810720447905157,23.0,6.0,0.0602882253029737,0.5759005795496966
2702,01_25_A0125131140001000017z,0.5,0.5715419134601251,42.0,23.0,1.7459212993105455,1.107548449407518
2703,01_25_A0125131140001000021z,0.3333333333333333,0.2689738724724653,35.0,19.0,2.0018647802389484,0.900769909737694
2704,01_25_A0125131140001000025z,0.3333333333333333,0.21332543513920788,40.0,20.0,2.0017454487888053,0.8659104835686121
2705,01_25_a0125131140001500027z,0.5,0.20366155570634936,35.0,18.0,1.735008796398574,0.8345795222706581
2706,01_25_A0125131140001600025z,0.3333333333333333,0.33917553950083057,34.0,21.0,2.000746983349148,0.9203480178596304
2707,01_25_a0125131140002300024z,0.3333333333333333,0.3879082125850447,36.0,21.0,2.0010261941214567,0.9866575759390068
2708,01_25_A0125131140003000022A,0.3333333333333333,0.2847306294343561,43.0,23.0,2.0015564010139664,0.8988255207104344
2709,01_25_a0125131140003000022b,0.3333333333333333,0.3764231339663454,36.0,21.0,2.001338013190985,0.9454784708422894
2710,01_25_A0125131140003100031C,0.5,0.23603188401869699,30.0,15.0,1.7335129690172175,0.8455785635241561
2711,01_25_A0125131200000100015z,0.3333333333333333,0.34587731921547016,43.0,24.0,2.0021385002769008,0.9905310372131656
2712,01_25_A0125131200000100025z,0.5,0.22391472026331136,35.0,19.0,1.7339557779886248,0.8691076045893944
2713,01_25_A0125131200000100031z,0.6666666666666666,0.19078576456710886,29.0,14.0,1.4196065489237215,0.8405054194979892
2714,01_25_a0125131200000200019z,0.5,0.4743086842504196,38.0,22.0,1.7390227437322077,1.0656323666637382
2715,01_25_A0125131200000700035z,0.8333333333333334,0.4396436998164844,32.0,9.0,1.0157204582859776,0.7822869006542247
2716,01_25_A0125131200000800029z,0.3333333333333333,0.385698927617139,36.0,23.0,2.0012842883845097,0.9615759017983002
2717,01_25_a0125131200001300035z,0.6666666666666666,0.24106547604237816,25.0,15.0,1.418458916295551,0.7102461825019599
2718,01_25_a0125131200001600031A,0.8333333333333334,0.3048714248176202,21.0,12.0,1.005994495510404,0.6991544479891869
2719,01_25_a0125131200001700025z,0.5,0.2955143531497132,35.0,20.0,1.7336960977467477,0.8466838087526605
2720,01_25_a0125131200001700033z,0.6666666666666666,0.4163482088049974,25.0,15.0,1.0055299831480933,0.7975364956677867
2721,01_25_A0125131200002500021z,0.5,0.33917553950083057,42.0,20.0,1.4190288959370838,0.9068883232040388
2722,01_25_a0125131200002500032z,0.6666666666666666,0.11183817429941843,29.0,12.0,1.0075007729810186,0.7570490979562721
2723,01_25_A0125131200002500033z,0.8333333333333334,0.4537355961923848,30.0,13.0,1.0068765256067127,0.6511714998539789
2724,01_25_a0125131200002500042z,0.6666666666666666,0.0943605961923848,37.0,15.0,0.043924730620731656,0.7011297102802078
2725,01_25_a0125131200003200025z,0.3333333333333333,0.2414047274990753,37.0,20.0,1.7352448400406968,0.9037397766510376
2726,01_25_A0125131200003500024A,0.5,0.5519270266577381,27.0,16.0,1.4164876788254592,0.8112103308777792
2727,01_25_A0125131200003500024B,0.5,0.12815345627014196,40.0,21.0,1.003704361597522,0.7232718808030983
2728,01_25_A0125131200003500024C,0.8333333333333334,0.3092578564663574,23.0,12.0,1.0102112795243567,0.7219519750912321
2729,01_25_A0125131200003500032z,0.6666666666666666,0.0731799519060492,34.0,15.0,1.0028724970484852,0.7527817624796412
2730,01_25_A0125131200003700031A,0.6666666666666666,0.292875319300573,25.0,11.0,1.4165667818269982,0.8486970362854267
2731,01_25_A0125131200004000031A,0.6666666666666666,0.2701800678166509,25.0,12.0,1.4148029890171432,0.4762112528553626
2732,01_25_A0125131200004000031B,0.6666666666666666,0.25643555503377324,29.0,13.0,1.416906399317183,0.8426387524932247
2733,01_25_a0125131200004100032z,0.8333333333333334,0.2671859539741379,23.0,12.0,1.0008558273288242,0.5110368940210108
2734,01_25_A0125131200004700029z,0.6666666666666666,0.13135596431716934,39.0,18.0,1.002947532393193,0.7157358173565516
2735,01_25_A0125131200004700031A,0.6666666666666666,0.3039643317615057,37.0,16.0,1.0044242108011914,0.8458842867913489
2736,01_25_A0125131220001100033z,0.6666666666666666,0.20974390229260265,26.0,12.0,1.0022599040852176,0.4578459992777616
2737,01_25_A0125131220001100042z,0.6666666666666666,0.2349855961923848,33.0,18.0,0.08341059679831392,0.3899098512015819
2738,01_25_a0125131220001600025z,0.3333333333333333,0.4347707597398186,40.0,23.0,1.7353530757750648,0.9457856025406802
2739,01_25_a0125131220001600033z,0.6666666666666666,0.25407021506715793,27.0,15.0,1.414333225037272,0.7651747960627315
2740,01_25_a0125131230001000024z,0.3333333333333333,0.3033754719190703,36.0,21.0,2.0015146142563003,0.9213566124906379
2741,01_25_a0125131230001000032z,0.6666666666666666,0.2587373100863519,25.0,16.0,1.414453645791201,0.6600404700148654
2742,01_25_A0125131230001200030z,0.5,0.21114704383098848,27.0,14.0,1.7323543478212673,0.7121806293578521
2743,01_25_a0125131230001500023z,0.5,0.30158156798671965,32.0,18.0,1.7331866865032577,0.9182588421019692
2744,01_25_A0125131230001700031A,0.6666666666666666,0.2606291736870769,20.0,8.0,1.4152395635891082,0.4683942147080004
2745,01_25_a0125131230001700031C,0.6666666666666666,0.23045190380761515,25.0,13.0,1.416285918154938,0.854692190242523
2746,01_25_a0125131230001800048z,0.6666666666666666,0.2316269513325717,24.0,10.0,1.0009902448474044,0.721028099325991
2747,05_03_a0503405300000800026z,0.5,0.2155208759977376,35.0,18.0,1.0076963420187453,0.6312155960109203
2748,09_01_A0901210010000400031A,0.6666666666666666,0.08456141389407057,27.0,14.0,1.420450584902544,0.7585686139735375
